thread,tag,sender,reciever,begin,end,lifeSpan
1,2001,1,0,16,186,169
1,2001,1,0,187,189,2
3,1030,1,0,18,191,173
3,1030,1,0,191,191,0
0,2002,1,0,194,207,13
6,1999,0,0,145,207,62
0,2002,1,0,277,277,0
6,1999,0,0,219,277,57
1,2001,1,0,189,278,88
0,2002,1,0,324,325,0
6,1999,0,0,281,325,43
1,2001,1,0,278,325,46
1,2001,1,0,325,370,44
0,2002,1,0,370,371,0
6,1999,0,0,327,371,44
1,2001,1,0,370,416,46
0,2002,1,0,417,417,0
6,1999,0,0,373,417,43
1,2001,1,0,416,463,47
0,2002,1,0,463,464,0
6,1999,0,0,420,464,43
1,2001,1,0,463,509,45
3,1030,1,0,191,510,318
3,1030,1,0,510,510,0
1,2001,1,0,509,512,2
0,2002,1,0,516,516,0
6,1999,0,0,466,516,49
1,2001,1,0,512,565,52
3,1030,1,0,510,565,55
3,1030,1,0,565,565,0
1,2001,1,0,565,568,2
3,1030,1,0,565,568,2
3,1030,1,0,568,568,0
1,2001,1,0,568,570,2
0,2002,1,0,573,574,0
6,1999,0,0,519,574,54
3,1030,1,0,568,618,49
0,2002,1,0,617,618,0
1,2001,1,0,570,620,49
0,2002,1,0,620,621,0
6,1999,0,0,576,621,45
1,2001,1,0,620,663,43
0,2002,1,0,665,666,0
6,1999,0,0,624,666,41
1,2001,1,0,663,707,43
0,2002,1,0,707,707,0
3,1030,1,0,618,707,89
6,1999,0,0,668,707,39
3,1030,1,0,707,707,0
1,2001,1,0,707,709,2
0,2002,1,0,751,751,0
3,1030,1,0,707,752,44
1,2001,1,0,709,753,43
0,2002,1,0,755,755,0
6,1999,0,0,713,755,42
1,2001,1,0,753,798,45
0,2002,1,0,798,799,0
6,1999,0,0,758,799,41
1,2001,1,0,798,843,44
0,2002,1,0,843,843,0
6,1999,0,0,802,843,41
1,2001,1,0,843,886,43
0,2002,1,0,888,888,0
6,1999,0,0,847,888,41
1,2001,1,0,886,930,43
0,2002,1,0,932,933,0
6,1999,0,0,891,933,42
1,2001,1,0,930,975,45
0,2002,1,0,977,977,0
6,1999,0,0,936,977,41
1,2001,1,0,975,1017,42
3,1030,1,0,752,1018,266
3,1030,1,0,1018,1018,0
0,2002,1,0,1019,1019,0
6,1999,0,0,980,1019,39
1,2001,1,0,1018,1020,2
0,2002,1,0,1063,1064,0
3,1030,1,0,1018,1064,45
1,2001,1,0,1020,1064,43
0,2002,1,0,1066,1067,0
6,1999,0,0,1024,1067,42
1,2001,1,0,1064,1108,44
0,2002,1,0,1110,1111,0
6,1999,0,0,1070,1111,41
0,2002,1,0,1148,1149,0
3,1030,1,0,1064,1149,85
0,2002,1,0,1150,1150,0
3,1030,1,0,1149,1150,1
1,2001,1,0,1108,1151,42
0,2002,1,0,1153,1153,0
6,1999,0,0,1115,1153,38
1,2001,1,0,1151,1193,41
0,2002,1,0,1193,1193,0
6,1999,0,0,1157,1193,36
0,2002,1,0,1233,1233,0
6,1999,0,0,1197,1233,35
1,2001,1,0,1193,1234,40
1,2001,1,0,1234,1274,40
0,2002,1,0,1274,1274,0
6,1999,0,0,1238,1274,36
1,2001,1,0,1274,1313,38
0,2002,1,0,1312,1313,0
3,1030,1,0,1150,1313,162
0,2002,1,0,1315,1315,0
6,1999,0,0,1278,1315,36
1,2001,1,0,1313,1353,40
3,1030,1,0,1313,1353,40
3,1030,1,0,1353,1353,0
0,2002,1,0,1354,1354,0
6,1999,0,0,1319,1355,35
1,2001,1,0,1353,1356,2
1,2001,1,0,1356,1395,39
0,2002,1,0,1395,1396,0
6,1999,0,0,1360,1396,35
1,2001,1,0,1395,1435,40
0,2002,1,0,1437,1437,0
6,1999,0,0,1399,1437,37
1,2001,1,0,1435,1475,39
3,1030,1,0,1353,1475,121
3,1030,1,0,1475,1476,0
0,2002,1,0,1476,1476,0
6,1999,0,0,1441,1476,34
1,2001,1,0,1475,1478,2
0,2002,1,0,1517,1517,0
1,2001,1,0,1478,1517,39
3,1030,1,0,1476,1517,41
0,2002,1,0,1519,1520,0
6,1999,0,0,1482,1520,37
1,2001,1,0,1517,1558,40
0,2002,1,0,1558,1558,0
6,1999,0,0,1523,1558,35
1,2001,1,0,1558,1596,38
0,2002,1,0,1598,1598,0
6,1999,0,0,1562,1598,36
1,2001,1,0,1596,1636,39
0,2002,1,0,1637,1638,0
6,1999,0,0,1601,1638,37
1,2001,1,0,1636,1676,39
0,2002,1,0,1676,1677,0
6,1999,0,0,1641,1677,36
1,2001,1,0,1676,1715,39
0,2002,1,0,1716,1717,0
6,1999,0,0,1680,1717,36
1,2001,1,0,1715,1755,40
0,2002,1,0,1757,1757,0
6,1999,0,0,1720,1757,37
1,2001,1,0,1755,1796,41
0,2002,1,0,1798,1798,0
6,1999,0,0,1761,1798,36
1,2001,1,0,1796,1836,40
0,2002,1,0,1837,1837,0
6,1999,0,0,1801,1837,36
1,2001,1,0,1836,1875,38
0,2002,1,0,1877,1877,0
6,1999,0,0,1841,1877,36
1,2001,1,0,1875,1915,39
3,1030,1,0,1517,1915,398
3,1030,1,0,1915,1916,0
0,2002,1,0,1916,1916,0
6,1999,0,0,1881,1916,34
1,2001,1,0,1915,1917,2
0,2002,1,0,1956,1956,0
6,1999,0,0,1921,1956,34
1,2001,1,0,1917,1957,39
0,2002,1,0,1994,1994,0
3,1030,1,0,1916,1994,78
1,2001,1,0,1957,1995,38
0,2002,1,0,1997,1997,0
6,1999,0,0,1961,1997,36
1,2001,1,0,1995,2034,39
3,1030,1,0,1994,2035,40
3,1030,1,0,2035,2035,0
0,2002,1,0,2035,2035,0
6,1999,0,0,2000,2035,34
1,2001,1,0,2034,2037,2
0,2002,1,0,2075,2075,0
3,1030,1,0,2035,2075,40
1,2001,1,0,2037,2076,39
0,2002,1,0,2077,2077,0
6,1999,0,0,2042,2078,35
1,2001,1,0,2076,2113,37
3,1030,1,0,2075,2114,38
3,1030,1,0,2114,2114,0
0,2002,1,0,2114,2114,0
6,1999,0,0,2081,2114,33
1,2001,1,0,2113,2116,2
0,2002,1,0,2154,2154,0
6,1999,0,0,2120,2154,34
1,2001,1,0,2116,2154,38
3,1030,1,0,2114,2191,77
0,2002,1,0,2191,2191,0
1,2001,1,0,2154,2192,38
0,2002,1,0,2194,2194,0
6,1999,0,0,2158,2194,36
1,2001,1,0,2192,2232,39
3,1030,1,0,2191,2233,41
0,2002,1,0,2232,2233,0
3,1030,1,0,2233,2233,0
6,1999,0,0,2198,2233,34
1,2001,1,0,2232,2235,2
0,2002,1,0,2271,2272,0
6,1999,0,0,2238,2272,33
1,2001,1,0,2235,2273,37
0,2002,1,0,2314,2315,0
1,2001,1,0,2273,2315,42
3,1030,1,0,2233,2316,82
0,2002,1,0,2318,2318,0
6,1999,0,0,2282,2318,35
1,2001,1,0,2315,2356,40
3,1030,1,0,2316,2356,40
3,1030,1,0,2356,2356,0
0,2002,1,0,2356,2356,0
6,1999,0,0,2323,2356,33
1,2001,1,0,2356,2358,2
0,2002,1,0,2394,2394,0
3,1030,1,0,2356,2394,38
1,2001,1,0,2358,2396,37
0,2002,1,0,2396,2396,0
6,1999,0,0,2362,2396,34
1,2001,1,0,2396,2433,37
3,1030,1,0,2394,2434,39
0,2002,1,0,2433,2434,0
3,1030,1,0,2434,2434,0
6,1999,0,0,2400,2434,33
1,2001,1,0,2433,2436,2
0,2002,1,0,2473,2473,0
3,1030,1,0,2434,2473,39
1,2001,1,0,2436,2474,37
0,2002,1,0,2475,2475,0
6,1999,0,0,2441,2475,34
1,2001,1,0,2474,2516,41
3,1030,1,0,2473,2516,43
0,2002,1,0,2516,2516,0
6,1999,0,0,2481,2516,35
3,1030,1,0,2516,2517,0
1,2001,1,0,2516,2519,2
0,2002,1,0,2558,2558,0
6,1999,0,0,2524,2558,34
1,2001,1,0,2519,2560,41
0,2002,1,0,2598,2598,0
6,1999,0,0,2565,2598,33
1,2001,1,0,2560,2599,39
0,2002,1,0,2636,2637,0
3,1030,1,0,2517,2637,120
1,2001,1,0,2599,2637,37
0,2002,1,0,2639,2639,0
6,1999,0,0,2604,2639,34
1,2001,1,0,2637,2676,39
0,2002,1,0,2678,2678,0
6,1999,0,0,2643,2678,34
1,2001,1,0,2676,2716,39
0,2002,1,0,2718,2718,0
6,1999,0,0,2683,2718,35
1,2001,1,0,2716,2756,40
3,1030,1,0,2637,2756,119
3,1030,1,0,2756,2756,0
1,2001,1,0,2756,2757,1
0,2002,1,0,2758,2758,0
6,1999,0,0,2723,2758,35
0,2002,1,0,2797,2797,0
1,2001,1,0,2758,2797,39
3,1030,1,0,2756,2797,41
0,2002,1,0,2799,2799,0
6,1999,0,0,2762,2799,36
1,2001,1,0,2797,2838,40
3,1030,1,0,2797,2838,40
3,1030,1,0,2838,2838,0
0,2002,1,0,2839,2839,0
6,1999,0,0,2804,2839,35
1,2001,1,0,2838,2840,1
0,2002,1,0,2881,2881,0
6,1999,0,0,2846,2881,35
1,2001,1,0,2840,2881,41
3,1030,1,0,2838,2920,81
0,2002,1,0,2920,2920,0
1,2001,1,0,2881,2921,39
0,2002,1,0,2921,2922,0
6,1999,0,0,2887,2922,35
1,2001,1,0,2921,2959,38
3,1030,1,0,2920,2960,39
3,1030,1,0,2960,2960,0
0,2002,1,0,2961,2961,0
6,1999,0,0,2926,2961,34
1,2001,1,0,2960,2962,2
0,2002,1,0,2998,2998,0
3,1030,1,0,2960,2998,38
1,2001,1,0,2962,3000,38
0,2002,1,0,3000,3000,0
6,1999,0,0,2966,3001,34
1,2001,1,0,3000,3037,37
0,2002,1,0,3039,3039,0
6,1999,0,0,3004,3039,34
0,2002,1,0,3076,3077,0
6,1999,0,0,3043,3077,34
1,2001,1,0,3037,3077,40
1,2001,1,0,3077,3114,36
0,2002,1,0,3115,3115,0
6,1999,0,0,3081,3115,34
1,2001,1,0,3114,3153,38
3,1030,1,0,2998,3153,154
3,1030,1,0,3153,3153,0
0,2002,1,0,3154,3154,0
6,1999,0,0,3120,3154,34
1,2001,1,0,3153,3155,2
0,2002,1,0,3195,3195,0
6,1999,0,0,3160,3195,34
1,2001,1,0,3155,3196,40
1,2001,1,0,3196,3236,39
0,2002,1,0,3235,3236,1
6,1999,0,0,3201,3236,35
1,2001,0,0,3236,3259,23
3,1030,0,0,3153,3260,106
6,1999,0,0,3239,3260,21
6,1999,0,0,3261,3272,10
0,2002,1,0,3272,3273,0
3,1030,1,0,3260,3273,13
6,1999,1,0,3272,3274,2
3,1030,0,0,3260,3274,14
5,1998,0,0,3259,3274,15
1,2001,1,0,3260,3275,14
2,2001,0,0,3260,3275,14
0,2002,1,0,3275,3275,0
6,1999,0,0,3275,3275,0
1,2001,2,0,3275,3285,9
3,1030,1,0,3273,3310,37
3,1030,1,0,3310,3315,4
3,1030,1,0,3315,3321,5
3,1030,1,0,3321,3321,0
3,1030,1,0,3321,3332,10
1,2001,1,0,3285,3336,51
1,2001,2,0,3336,3336,0
1,2001,1,0,3336,3338,1
1,2001,2,0,3338,3339,0
3,1030,1,0,3332,3339,7
3,1030,1,0,3339,3339,0
3,1030,2,0,3339,3339,0
3,1030,1,0,3339,3339,0
3,1030,2,0,3339,3339,0
3,1030,2,0,3339,3339,0
3,1030,2,0,3339,3339,0
3,1030,1,0,3339,3339,0
3,1030,1,0,3339,3339,0
1,2001,1,0,3339,3341,1
0,2002,2,0,3339,3351,11
0,2002,1,0,3351,3351,0
6,1999,0,0,3310,3352,41
3,1030,1,0,3339,3367,27
3,1030,1,0,3367,3370,2
3,1030,1,0,3370,3372,2
1,2001,2,0,3341,3380,39
0,2002,2,0,3381,3381,0
0,2002,1,0,3381,3381,0
6,1999,0,0,3354,3381,27
1,2001,1,0,3384,3384,0
3,1030,1,0,3372,3384,11
3,1030,2,0,3384,3384,0
3,1030,2,0,3384,3385,0
1,2001,2,0,3384,3391,6
3,1030,1,0,3385,3415,30
1,2001,1,0,3391,3415,24
3,1030,1,0,3415,3415,0
3,1030,2,0,3415,3415,0
3,1030,1,0,3415,3415,0
1,2001,2,0,3415,3418,2
1,2001,1,0,3418,3418,0
0,2002,2,0,3419,3419,0
0,2002,1,0,3419,3419,0
6,1999,0,0,3394,3419,25
1,2001,2,0,3418,3452,33
1,2001,1,0,3452,3453,1
0,2002,2,0,3454,3454,0
0,2002,1,0,3454,3454,0
6,1999,0,0,3430,3454,24
1,2001,2,0,3453,3479,26
1,2001,1,0,3479,3481,1
0,2002,2,0,3482,3482,0
0,2002,1,0,3482,3482,0
6,1999,0,0,3457,3482,24
1,2001,1,0,3481,3510,28
1,2001,2,0,3510,3524,13
0,2002,2,0,3510,3524,13
0,2002,1,0,3524,3524,0
6,1999,0,0,3486,3524,38
1,2001,2,0,3524,3557,33
1,2001,1,0,3557,3558,0
0,2002,2,0,3559,3560,0
0,2002,1,0,3560,3560,0
6,1999,0,0,3535,3560,24
3,1030,1,0,3415,3586,170
0,2002,2,0,3587,3588,0
0,2002,1,0,3588,3588,0
3,1030,1,0,3586,3588,1
3,1030,1,0,3588,3589,1
3,1030,1,0,3589,3590,1
0,2002,1,0,3590,3590,0
1,2001,2,0,3558,3591,33
0,2002,1,0,3593,3593,0
6,1999,0,0,3563,3593,29
1,2001,1,0,3591,3595,3
1,2001,1,0,3595,3622,27
3,1030,1,0,3590,3622,32
3,1030,1,0,3623,3623,0
3,1030,2,0,3623,3623,0
1,2001,2,0,3622,3624,1
1,2001,1,0,3624,3625,0
0,2002,2,0,3626,3626,0
0,2002,1,0,3626,3626,0
6,1999,0,0,3599,3626,27
1,2001,1,0,3625,3660,34
3,1030,1,0,3623,3660,37
3,1030,1,0,3660,3660,0
3,1030,2,0,3660,3660,0
0,2002,2,0,3663,3663,0
0,2002,1,0,3663,3663,0
6,1999,0,0,3638,3663,24
1,2001,1,0,3660,3664,3
1,2001,2,0,3664,3664,0
0,2002,2,0,3693,3693,0
0,2002,1,0,3693,3693,0
6,1999,0,0,3669,3693,24
1,2001,1,0,3664,3694,29
1,2001,2,0,3694,3695,1
1,2001,1,0,3695,3718,23
3,1030,1,0,3660,3718,58
3,1030,1,0,3719,3719,0
3,1030,2,0,3719,3719,0
0,2002,2,0,3719,3720,0
3,1030,2,0,3719,3720,1
1,2001,1,0,3718,3722,3
0,2002,2,0,3722,3722,0
0,2002,1,0,3722,3722,0
6,1999,0,0,3698,3722,24
1,2001,2,0,3722,3722,0
0,2002,2,0,3748,3748,0
0,2002,1,0,3748,3749,0
3,1030,1,0,3720,3749,28
3,1030,1,0,3749,3750,0
3,1030,1,0,3750,3751,1
0,2002,1,0,3751,3751,0
1,2001,2,0,3722,3753,30
0,2002,1,0,3754,3754,0
6,1999,0,0,3725,3754,29
1,2001,1,0,3753,3758,5
1,2001,1,0,3758,3789,30
3,1030,1,0,3751,3790,38
3,1030,1,0,3790,3790,0
1,2001,1,0,3789,3792,2
3,1030,2,0,3790,3792,2
3,1030,2,0,3792,3800,7
0,2002,2,0,3798,3800,1
3,1030,2,0,3800,3800,0
3,1030,1,0,3801,3801,0
1,2001,2,0,3792,3801,8
3,1030,1,0,3801,3803,2
0,2002,2,0,3803,3804,0
1,2001,1,0,3801,3810,8
0,2002,1,0,3804,3814,10
6,1999,0,0,3775,3814,39
3,1030,1,0,3803,3860,56
1,2001,1,0,3810,3865,55
3,1030,1,0,3860,3865,5
3,1030,2,0,3865,3865,0
1,2001,2,0,3865,3865,0
3,1030,1,0,3865,3866,0
3,1030,1,0,3866,3866,0
3,1030,2,0,3866,3866,0
3,1030,2,0,3866,3866,0
1,2001,1,0,3866,3867,1
3,1030,2,0,3866,3868,1
3,1030,1,0,3868,3868,0
1,2001,2,0,3867,3868,0
3,1030,1,0,3868,3871,3
1,2001,1,0,3868,3871,3
0,2002,2,0,3872,3872,0
0,2002,1,0,3872,3872,0
6,1999,0,0,3837,3872,35
1,2001,1,0,3871,3914,42
0,2002,2,0,3914,3914,0
3,1030,2,0,3871,3915,43
3,1030,2,0,3915,3915,0
3,1030,1,0,3915,3916,0
3,1030,1,0,3916,3916,0
1,2001,1,0,3914,3919,4
0,2002,2,0,3918,3927,9
1,2001,2,0,3919,3928,8
0,2002,1,0,3927,3928,0
6,1999,0,0,3891,3928,36
0,2002,2,0,3980,3980,0
0,2002,1,0,3980,3980,0
6,1999,0,0,3957,3980,23
1,2001,1,0,3928,3982,54
1,2001,2,0,3982,4003,21
0,2002,2,0,4034,4035,0
0,2002,1,0,4035,4035,0
6,1999,0,0,4011,4035,23
1,2001,2,0,4004,4036,32
1,2001,1,0,4036,4037,0
0,2002,2,0,4065,4065,0
0,2002,1,0,4065,4065,0
6,1999,0,0,4041,4065,24
1,2001,1,0,4037,4067,29
1,2001,2,0,4067,4068,1
0,2002,2,0,4096,4096,0
3,1030,2,0,3916,4097,181
1,2001,1,0,4068,4098,29
1,2001,2,0,4098,4098,0
0,2002,2,0,4100,4104,4
0,2002,1,0,4104,4104,0
6,1999,0,0,4073,4104,31
1,2001,2,0,4098,4148,50
1,2001,1,0,4148,4149,1
0,2002,2,0,4150,4150,0
0,2002,1,0,4150,4150,0
6,1999,0,0,4124,4150,26
1,2001,2,0,4149,4178,28
1,2001,1,0,4178,4180,1
0,2002,2,0,4180,4180,0
0,2002,1,0,4180,4180,0
6,1999,0,0,4154,4180,26
1,2001,2,0,4180,4207,27
0,2002,2,0,4209,4210,0
1,2001,1,0,4207,4210,2
0,2002,1,0,4210,4210,0
6,1999,0,0,4183,4210,26
1,2001,2,0,4210,4237,27
0,2002,2,0,4239,4239,0
1,2001,1,0,4237,4239,2
0,2002,1,0,4239,4239,0
6,1999,0,0,4213,4239,26
3,1030,1,0,4097,4268,170
1,2001,1,0,4239,4278,38
0,2002,2,0,4268,4278,9
0,2002,1,0,4278,4278,0
6,1999,0,0,4242,4278,36
1,2001,2,0,4278,4284,6
1,2001,1,0,4284,4320,35
3,1030,1,0,4268,4320,52
3,1030,1,0,4320,4320,0
3,1030,2,0,4320,4323,3
0,2002,2,0,4320,4332,11
1,2001,1,0,4320,4332,12
3,1030,2,0,4323,4339,15
1,2001,2,0,4332,4343,11
0,2002,2,0,4343,4343,0
0,2002,1,0,4343,4344,0
6,1999,0,0,4297,4344,46
0,2002,2,0,4418,4418,0
3,1030,2,0,4339,4419,79
0,2002,2,0,4421,4421,0
3,1030,2,0,4419,4422,3
0,2002,2,0,4425,4425,0
3,1030,2,0,4422,4426,3
3,1030,1,0,4426,4427,1
0,2002,2,0,4428,4430,1
0,2002,1,0,4430,4431,1
3,1030,1,0,4427,4431,3
3,1030,1,0,4431,4431,0
3,1030,1,0,4431,4434,3
0,2002,1,0,4435,4435,0
1,2001,1,0,4343,4435,91
6,1999,0,0,4391,4435,43
1,2001,2,0,4435,4448,12
1,2001,1,0,4448,4490,42
3,1030,1,0,4434,4490,56
3,1030,2,0,4490,4490,0
3,1030,1,0,4490,4490,0
1,2001,1,0,4490,4493,3
3,1030,1,0,4490,4494,3
3,1030,2,0,4494,4494,0
3,1030,1,0,4494,4494,0
1,2001,1,0,4494,4496,2
3,1030,1,0,4494,4496,2
3,1030,2,0,4496,4496,0
3,1030,1,0,4496,4496,0
1,2001,1,0,4496,4499,3
3,1030,1,0,4496,4503,7
1,2001,1,0,4499,4503,4
3,1030,1,0,4503,4503,0
3,1030,2,0,4503,4503,0
1,2001,2,0,4503,4503,0
3,1030,1,0,4503,4503,0
3,1030,1,0,4503,4504,0
3,1030,2,0,4504,4504,0
1,2001,1,0,4503,4519,15
0,2002,2,0,4504,4519,14
0,2002,1,0,4519,4519,0
6,1999,0,0,4473,4520,46
0,2002,2,0,4579,4579,0
3,1030,2,0,4504,4580,75
0,2002,2,0,4582,4582,0
3,1030,2,0,4580,4582,2
0,2002,2,0,4584,4584,0
0,2002,1,0,4584,4584,0
3,1030,1,0,4582,4585,2
3,1030,1,0,4586,4586,0
1,2001,1,0,4519,4587,67
0,2002,1,0,4587,4588,0
6,1999,0,0,4560,4588,27
1,2001,2,0,4587,4590,3
1,2001,1,0,4590,4618,28
3,1030,2,0,4586,4619,32
0,2002,2,0,4620,4620,0
0,2002,1,0,4620,4620,0
1,2001,2,0,4618,4620,2
6,1999,0,0,4595,4620,25
3,1030,1,0,4619,4663,43
0,2002,2,0,4663,4663,0
0,2002,1,0,4663,4663,0
3,1030,1,0,4663,4663,0
3,1030,1,0,4663,4666,2
0,2002,1,0,4665,4666,0
1,2001,2,0,4621,4667,46
1,2001,1,0,4667,4668,0
0,2002,1,0,4669,4671,2
6,1999,0,0,4637,4671,33
3,1030,1,0,4666,4717,51
0,2002,2,0,4718,4721,2
0,2002,1,0,4721,4721,0
6,1999,0,0,4689,4721,32
3,1030,1,0,4718,4721,3
1,2001,1,0,4668,4723,55
1,2001,2,0,4723,4728,5
1,2001,1,0,4728,4761,32
3,1030,2,0,4721,4761,39
3,1030,1,0,4761,4761,0
3,1030,1,0,4761,4761,0
1,2001,1,0,4761,4763,2
3,1030,2,0,4761,4764,2
3,1030,1,0,4764,4764,0
3,1030,1,0,4764,4764,0
0,2002,2,0,4773,4773,0
1,2001,1,0,4764,4773,9
3,1030,2,0,4764,4774,9
3,1030,2,0,4775,4775,0
1,2001,2,0,4773,4775,2
0,2002,2,0,4776,4776,0
0,2002,1,0,4776,4776,0
6,1999,0,0,4747,4776,29
0,2002,2,0,4818,4818,0
3,1030,1,0,4775,4818,42
0,2002,1,0,4818,4818,0
3,1030,1,0,4818,4818,0
1,2001,1,0,4775,4819,43
0,2002,1,0,4820,4821,0
6,1999,0,0,4789,4821,31
1,2001,2,0,4819,4821,1
1,2001,1,0,4821,4842,21
3,1030,1,0,4818,4843,24
3,1030,2,0,4843,4843,0
3,1030,1,0,4843,4843,0
1,2001,1,0,4843,4845,2
3,1030,2,0,4843,4845,2
3,1030,1,0,4845,4845,0
3,1030,1,0,4845,4845,0
1,2001,1,0,4845,4847,2
3,1030,2,0,4845,4848,2
3,1030,1,0,4848,4848,0
3,1030,1,0,4848,4848,0
1,2001,1,0,4847,4850,2
3,1030,2,0,4848,4851,3
1,2001,2,0,4850,4854,4
0,2002,2,0,4854,4854,0
0,2002,1,0,4854,4854,0
6,1999,0,0,4827,4854,27
0,2002,2,0,4888,4889,0
3,1030,2,0,4851,4889,38
1,2001,1,0,4854,4889,35
1,2001,2,0,4889,4890,0
0,2002,2,0,4891,4891,0
0,2002,1,0,4891,4891,0
6,1999,0,0,4865,4900,34
1,2001,1,0,4890,4932,41
1,2001,2,0,4932,4932,0
0,2002,2,0,4933,4933,0
0,2002,1,0,4933,4933,0
6,1999,0,0,4906,4933,26
1,2001,2,0,4932,4964,32
0,2002,2,0,4965,4965,0
0,2002,1,0,4965,4965,0
6,1999,0,0,4939,4965,25
1,2001,1,0,4965,4968,3
1,2001,1,0,4968,5005,36
3,1030,1,0,4889,5005,115
0,2002,2,0,5006,5006,0
0,2002,1,0,5006,5006,0
6,1999,0,0,4982,5006,24
1,2001,2,0,5023,5023,0
3,1030,2,0,5005,5023,18
3,1030,1,0,5023,5024,0
3,1030,1,0,5024,5024,0
1,2001,1,0,5023,5025,1
3,1030,1,0,5024,5075,51
0,2002,2,0,5075,5076,0
3,1030,1,0,5075,5087,11
0,2002,1,0,5076,5087,11
1,2001,1,0,5025,5087,61
1,2001,2,0,5090,5090,0
0,2002,1,0,5090,5090,0
6,1999,0,0,5050,5090,40
1,2001,1,0,5092,5132,39
1,2001,1,0,5132,5143,11
1,2001,2,0,5143,5143,0
3,1030,1,0,5087,5148,61
3,1030,2,0,5148,5149,0
3,1030,1,0,5149,5149,0
3,1030,1,0,5149,5149,0
3,1030,2,0,5149,5149,0
3,1030,1,0,5149,5149,0
0,2002,2,0,5149,5149,0
0,2002,1,0,5149,5149,0
6,1999,0,0,5113,5149,35
1,2001,1,0,5143,5152,8
1,2001,1,0,5152,5193,41
1,2001,1,0,5194,5196,2
3,1030,1,0,5149,5196,47
3,1030,2,0,5196,5196,0
3,1030,1,0,5196,5196,0
3,1030,2,0,5196,5196,0
3,1030,1,0,5196,5207,11
3,1030,1,0,5207,5207,0
1,2001,1,0,5196,5210,14
0,2002,2,0,5211,5211,0
1,2001,2,0,5210,5211,1
0,2002,1,0,5211,5211,0
6,1999,0,0,5170,5211,41
0,2002,2,0,5264,5265,0
3,1030,2,0,5207,5268,60
1,2001,1,0,5211,5275,63
3,1030,2,0,5268,5279,11
0,2002,2,0,5279,5279,0
0,2002,1,0,5279,5279,0
1,2001,2,0,5275,5291,15
6,1999,0,0,5247,5303,56
3,1030,1,0,5279,5361,82
1,2001,1,0,5291,5369,77
3,1030,1,0,5361,5371,10
3,1030,1,0,5371,5371,0
0,2002,2,0,5372,5372,0
3,1030,2,0,5372,5372,0
0,2002,1,0,5372,5372,0
6,1999,0,0,5340,5372,31
1,2001,1,0,5369,5373,4
1,2001,2,0,5373,5375,1
0,2002,2,0,5403,5404,0
3,1030,1,0,5372,5404,31
0,2002,1,0,5404,5404,0
3,1030,1,0,5404,5407,2
0,2002,1,0,5406,5407,0
1,2001,2,0,5375,5423,47
1,2001,1,0,5423,5423,0
0,2002,1,0,5426,5426,0
6,1999,0,0,5382,5437,54
3,1030,1,0,5407,5477,70
3,1030,1,0,5477,5481,3
3,1030,1,0,5481,5486,5
0,2002,2,0,5486,5486,0
1,2001,1,0,5423,5486,62
0,2002,1,0,5489,5489,0
1,2001,2,0,5486,5489,2
6,1999,0,0,5453,5503,50
0,2002,2,0,5536,5537,0
3,1030,2,0,5486,5537,51
1,2001,1,0,5489,5548,58
3,1030,1,0,5537,5548,10
1,2001,2,0,5548,5557,9
0,2002,2,0,5550,5557,7
0,2002,1,0,5557,5557,0
6,1999,0,0,5515,5558,42
1,2001,1,0,5557,5608,50
3,1030,2,0,5548,5608,60
3,1030,1,0,5608,5608,0
3,1030,1,0,5608,5608,0
1,2001,1,0,5608,5611,2
3,1030,1,0,5608,5611,2
3,1030,2,0,5611,5611,0
3,1030,1,0,5611,5611,0
1,2001,1,0,5611,5613,1
3,1030,1,0,5612,5613,1
3,1030,2,0,5613,5613,0
3,1030,1,0,5613,5628,14
0,2002,2,0,5628,5629,0
3,1030,2,0,5628,5629,1
0,2002,2,0,5632,5632,0
1,2001,1,0,5613,5632,18
3,1030,2,0,5630,5633,3
1,2001,2,0,5632,5635,2
0,2002,2,0,5637,5637,0
0,2002,1,0,5637,5637,0
6,1999,0,0,5607,5637,29
1,2001,1,0,5635,5667,31
3,1030,1,0,5633,5668,34
3,1030,1,0,5668,5668,0
3,1030,2,0,5668,5668,0
1,2001,1,0,5667,5670,2
3,1030,1,0,5668,5670,2
3,1030,1,0,5670,5670,0
3,1030,2,0,5670,5670,0
1,2001,1,0,5670,5672,2
3,1030,1,0,5670,5672,2
3,1030,1,0,5672,5672,0
3,1030,2,0,5672,5673,0
0,2002,2,0,5672,5673,0
3,1030,2,0,5673,5673,0
1,2001,1,0,5672,5676,4
0,2002,2,0,5676,5677,0
3,1030,2,0,5673,5677,3
1,2001,2,0,5676,5677,0
0,2002,2,0,5684,5684,0
0,2002,1,0,5684,5691,7
6,1999,0,0,5643,5691,48
3,1030,1,0,5677,5716,39
0,2002,2,0,5718,5719,0
3,1030,1,0,5716,5719,2
0,2002,1,0,5719,5719,0
1,2001,2,0,5677,5719,42
1,2001,1,0,5719,5720,1
0,2002,1,0,5723,5727,4
6,1999,0,0,5695,5727,32
1,2001,2,0,5720,5761,40
1,2001,1,0,5761,5763,1
0,2002,2,0,5764,5764,0
0,2002,1,0,5764,5764,0
6,1999,0,0,5737,5764,27
1,2001,2,0,5763,5793,30
1,2001,1,0,5793,5795,1
0,2002,2,0,5796,5797,1
0,2002,1,0,5797,5798,0
6,1999,0,0,5769,5798,28
1,2001,1,0,5795,5829,34
3,1030,1,0,5719,5829,110
1,2001,2,0,5829,5841,11
0,2002,2,0,5832,5841,8
0,2002,1,0,5841,5848,7
6,1999,0,0,5805,5848,43
3,1030,1,0,5829,5891,61
1,2001,1,0,5841,5891,50
3,1030,2,0,5891,5892,1
3,1030,1,0,5892,5892,0
3,1030,1,0,5892,5894,1
1,2001,2,0,5892,5894,1
3,1030,2,0,5894,5895,1
3,1030,1,0,5895,5895,0
3,1030,2,0,5895,5895,0
1,2001,1,0,5895,5895,0
1,2001,2,0,5895,5911,15
0,2002,2,0,5911,5917,5
0,2002,1,0,5917,5931,14
6,1999,0,0,5864,5939,75
1,2001,1,0,5911,5967,56
3,1030,2,0,5895,5968,73
1,2001,2,0,5967,5973,5
0,2002,2,0,5983,5984,0
0,2002,1,0,5984,5995,11
6,1999,0,0,5943,6019,75
1,2001,1,0,5973,6053,80
3,1030,2,0,5968,6053,85
0,2002,2,0,6053,6054,0
3,1030,2,0,6054,6055,1
1,2001,2,0,6053,6075,22
0,2002,2,0,6058,6075,17
0,2002,1,0,6075,6076,0
6,1999,0,0,6033,6076,42
0,2002,2,0,6106,6107,0
3,1030,1,0,6055,6108,53
0,2002,1,0,6107,6108,1
6,1999,0,0,6083,6108,24
1,2001,1,0,6075,6109,34
1,2001,2,0,6109,6127,17
1,2001,1,0,6127,6163,35
0,2002,2,0,6161,6163,2
0,2002,1,0,6164,6164,0
1,2001,2,0,6163,6164,0
6,1999,0,0,6137,6164,26
0,2002,2,0,6195,6195,0
3,1030,2,0,6108,6196,88
1,2001,2,0,6164,6196,32
1,2001,1,0,6196,6197,1
0,2002,2,0,6199,6203,3
0,2002,1,0,6203,6203,0
6,1999,0,0,6172,6204,31
1,2001,2,0,6197,6232,34
1,2001,1,0,6232,6233,1
0,2002,2,0,6234,6234,0
0,2002,1,0,6234,6234,0
6,1999,0,0,6208,6234,26
1,2001,2,0,6233,6262,29
1,2001,1,0,6262,6264,1
0,2002,2,0,6265,6265,0
0,2002,1,0,6265,6265,0
6,1999,0,0,6238,6265,26
1,2001,2,0,6264,6293,28
1,2001,1,0,6293,6295,1
0,2002,2,0,6295,6296,0
0,2002,1,0,6296,6296,0
6,1999,0,0,6269,6296,26
1,2001,2,0,6295,6324,29
1,2001,1,0,6324,6325,1
0,2002,2,0,6326,6326,0
0,2002,1,0,6326,6326,0
6,1999,0,0,6299,6326,26
1,2001,2,0,6325,6355,29
1,2001,1,0,6355,6356,1
0,2002,2,0,6357,6357,0
0,2002,1,0,6357,6357,0
6,1999,0,0,6330,6357,27
1,2001,2,0,6356,6386,29
1,2001,1,0,6386,6387,0
0,2002,2,0,6387,6388,0
0,2002,1,0,6388,6388,0
6,1999,0,0,6361,6388,26
1,2001,2,0,6387,6416,29
1,2001,1,0,6416,6418,1
0,2002,2,0,6418,6419,0
0,2002,1,0,6419,6419,0
6,1999,0,0,6392,6419,26
1,2001,2,0,6418,6447,28
1,2001,1,0,6447,6448,1
0,2002,2,0,6448,6449,0
0,2002,1,0,6449,6449,0
6,1999,0,0,6422,6449,26
1,2001,2,0,6448,6478,29
1,2001,1,0,6478,6478,0
0,2002,2,0,6479,6479,0
0,2002,1,0,6479,6479,0
6,1999,0,0,6453,6479,26
1,2001,2,0,6478,6508,29
1,2001,1,0,6508,6510,1
0,2002,2,0,6510,6510,0
0,2002,1,0,6510,6510,0
6,1999,0,0,6484,6511,26
0,2002,2,0,6538,6538,0
0,2002,1,0,6538,6539,0
6,1999,0,0,6514,6539,24
1,2001,2,0,6510,6539,29
1,2001,1,0,6540,6541,1
0,2002,2,0,6578,6579,0
3,1030,1,0,6196,6599,403
1,2001,1,0,6541,6599,58
1,2001,2,0,6599,6599,0
0,2002,1,0,6579,6599,20
0,2002,1,0,6602,6602,0
6,1999,0,0,6557,6602,45
1,2001,1,0,6599,6631,31
3,1030,1,0,6599,6631,32
3,1030,2,0,6631,6631,0
3,1030,1,0,6631,6631,0
1,2001,2,0,6631,6633,1
3,1030,1,0,6631,6633,1
3,1030,2,0,6633,6633,0
1,2001,1,0,6633,6634,0
3,1030,2,0,6633,6634,0
3,1030,2,0,6634,6634,0
3,1030,1,0,6634,6634,0
0,2002,2,0,6634,6634,0
3,1030,1,0,6634,6634,0
1,2001,2,0,6634,6636,2
1,2001,1,0,6636,6636,0
0,2002,1,0,6636,6636,0
6,1999,0,0,6607,6636,29
1,2001,2,0,6636,6688,51
3,1030,1,0,6634,6688,54
3,1030,2,0,6688,6688,0
3,1030,2,0,6688,6689,0
1,2001,1,0,6688,6689,0
0,2002,2,0,6690,6690,0
0,2002,1,0,6690,6690,0
6,1999,0,0,6661,6690,28
1,2001,2,0,6689,6691,2
1,2001,1,0,6691,6730,38
0,2002,2,0,6729,6730,0
1,2001,2,0,6730,6731,1
0,2002,1,0,6730,6731,1
6,1999,0,0,6702,6743,41
1,2001,1,0,6731,6777,46
1,2001,2,0,6777,6778,0
0,2002,2,0,6791,6793,1
0,2002,1,0,6793,6793,0
6,1999,0,0,6749,6807,58
0,2002,2,0,6826,6827,0
3,1030,2,0,6689,6827,138
1,2001,1,0,6778,6840,62
1,2001,2,0,6840,6840,0
0,2002,2,0,6842,6842,0
0,2002,1,0,6842,6855,12
6,1999,0,0,6812,6855,43
0,2002,2,0,6883,6884,0
3,1030,2,0,6827,6884,56
1,2001,1,0,6840,6897,57
0,2002,2,0,6898,6898,0
0,2002,1,0,6898,6898,0
3,1030,1,0,6884,6898,13
6,1999,0,0,6863,6903,40
1,2001,2,0,6897,6914,16
1,2001,1,0,6914,6953,39
3,1030,2,0,6898,6953,55
3,1030,1,0,6953,6953,0
3,1030,1,0,6953,6953,0
1,2001,2,0,6953,6954,1
0,2002,2,0,6955,6955,0
0,2002,1,0,6955,6955,0
6,1999,0,0,6927,6955,28
1,2001,1,0,6954,6956,1
0,2002,2,0,6975,6975,0
3,1030,2,0,6953,6975,21
0,2002,2,0,6978,6979,0
3,1030,2,0,6975,6979,3
0,2002,2,0,6981,6981,0
0,2002,1,0,6981,6982,0
3,1030,1,0,6979,6982,3
1,2001,2,0,6956,6983,26
0,2002,1,0,6984,6984,0
6,1999,0,0,6959,6984,25
1,2001,1,0,6983,6985,2
3,1030,1,0,6982,7029,47
1,2001,1,0,6985,7039,54
0,2002,2,0,7030,7039,9
0,2002,1,0,7039,7040,0
6,1999,0,0,7007,7040,32
1,2001,2,0,7039,7059,19
1,2001,1,0,7059,7089,30
0,2002,2,0,7089,7090,0
3,1030,2,0,7029,7090,60
3,1030,2,0,7090,7090,0
0,2002,2,0,7093,7093,0
3,1030,2,0,7090,7093,2
0,2002,2,0,7097,7098,0
0,2002,1,0,7098,7098,0
6,1999,0,0,7066,7098,31
1,2001,2,0,7089,7115,25
1,2001,1,0,7115,7151,36
0,2002,2,0,7150,7151,1
0,2002,1,0,7151,7151,0
1,2001,2,0,7151,7152,0
6,1999,0,0,7117,7152,34
1,2001,1,0,7152,7193,41
3,1030,2,0,7096,7194,98
0,2002,2,0,7196,7196,0
3,1030,2,0,7194,7196,2
3,1030,2,0,7196,7197,0
1,2001,2,0,7193,7197,4
0,2002,2,0,7199,7207,7
0,2002,1,0,7207,7207,0
6,1999,0,0,7167,7207,40
3,1030,1,0,7198,7228,29
3,1030,1,0,7229,7232,3
3,1030,1,0,7232,7235,2
3,1030,1,0,7235,7238,3
3,1030,1,0,7238,7242,3
1,2001,2,0,7197,7245,47
3,1030,1,0,7242,7245,3
3,1030,2,0,7245,7246,0
3,1030,2,0,7246,7246,0
1,2001,1,0,7245,7246,0
3,1030,1,0,7246,7246,0
3,1030,1,0,7246,7246,0
3,1030,2,0,7246,7246,0
1,2001,2,0,7246,7248,1
3,1030,1,0,7246,7248,1
1,2001,1,0,7248,7248,0
3,1030,2,0,7248,7248,0
3,1030,2,0,7248,7249,0
0,2002,2,0,7248,7249,0
1,2001,2,0,7248,7251,2
0,2002,1,0,7249,7251,2
6,1999,0,0,7213,7251,38
1,2001,1,0,7251,7274,23
3,1030,2,0,7249,7275,26
3,1030,1,0,7275,7275,0
3,1030,1,0,7275,7275,0
1,2001,1,0,7275,7280,5
0,2002,2,0,7276,7280,3
1,2001,2,0,7280,7295,15
3,1030,2,0,7275,7295,20
0,2002,2,0,7297,7303,6
0,2002,1,0,7303,7304,0
6,1999,0,0,7254,7304,50
1,2001,1,0,7295,7332,36
3,1030,2,0,7295,7332,36
3,1030,1,0,7332,7332,0
1,2001,1,0,7332,7333,1
3,1030,1,0,7332,7334,1
3,1030,1,0,7334,7334,0
3,1030,1,0,7334,7334,0
3,1030,2,0,7334,7334,0
1,2001,1,0,7334,7336,2
3,1030,1,0,7334,7336,2
3,1030,1,0,7336,7337,0
3,1030,2,0,7337,7337,0
0,2002,2,0,7337,7337,0
3,1030,2,0,7337,7343,6
1,2001,1,0,7336,7343,6
3,1030,2,0,7343,7344,1
0,2002,2,0,7346,7347,0
0,2002,1,0,7347,7348,1
6,1999,0,0,7309,7348,39
1,2001,2,0,7343,7348,5
1,2001,2,0,7348,7394,45
3,1030,1,0,7344,7395,50
1,2001,1,0,7395,7395,0
3,1030,2,0,7395,7396,0
3,1030,2,0,7396,7396,0
1,2001,2,0,7395,7398,2
0,2002,2,0,7397,7398,1
0,2002,1,0,7398,7399,0
6,1999,0,0,7364,7399,34
0,2002,2,0,7433,7433,0
3,1030,1,0,7396,7438,41
3,1030,1,0,7438,7440,2
1,2001,1,0,7398,7455,56
1,2001,2,0,7455,7455,0
3,1030,2,0,7440,7455,15
0,2002,2,0,7458,7480,21
0,2002,1,0,7480,7480,0
6,1999,0,0,7416,7480,64
0,2002,2,0,7515,7515,0
3,1030,2,0,7455,7516,60
0,2002,2,0,7517,7517,0
3,1030,1,0,7516,7518,1
0,2002,1,0,7517,7518,0
1,2001,1,0,7455,7538,83
0,2002,1,0,7519,7539,19
1,2001,2,0,7538,7539,0
6,1999,0,0,7496,7539,43
0,2002,2,0,7575,7575,0
3,1030,2,0,7518,7577,59
0,2002,2,0,7579,7579,0
1,2001,1,0,7539,7579,40
3,1030,2,0,7577,7582,5
1,2001,2,0,7580,7584,4
0,2002,2,0,7584,7585,0
0,2002,1,0,7585,7585,0
6,1999,0,0,7545,7585,40
3,1030,1,0,7582,7607,24
3,1030,1,0,7607,7610,3
1,2001,1,0,7584,7610,25
3,1030,1,0,7610,7610,0
3,1030,1,0,7610,7610,0
1,2001,1,0,7610,7612,2
3,1030,2,0,7610,7613,2
0,2002,2,0,7613,7628,15
0,2002,1,0,7628,7630,2
6,1999,0,0,7588,7630,42
1,2001,2,0,7612,7630,17
1,2001,1,0,7630,7676,45
1,2001,2,0,7676,7677,0
0,2002,2,0,7678,7678,0
0,2002,1,0,7678,7678,0
6,1999,0,0,7653,7678,24
1,2001,2,0,7677,7704,27
1,2001,1,0,7704,7705,1
0,2002,2,0,7706,7706,0
0,2002,1,0,7706,7706,0
6,1999,0,0,7681,7706,25
1,2001,2,0,7705,7733,27
1,2001,1,0,7733,7734,1
0,2002,2,0,7735,7735,0
0,2002,1,0,7735,7735,0
6,1999,0,0,7709,7735,25
1,2001,2,0,7734,7761,27
1,2001,1,0,7761,7762,0
0,2002,2,0,7763,7763,0
0,2002,1,0,7763,7763,0
6,1999,0,0,7738,7763,25
1,2001,2,0,7762,7789,27
1,2001,1,0,7789,7790,1
0,2002,2,0,7791,7791,0
0,2002,1,0,7791,7792,0
6,1999,0,0,7766,7792,25
1,2001,2,0,7790,7818,27
1,2001,1,0,7818,7819,0
0,2002,2,0,7820,7820,0
0,2002,1,0,7820,7820,0
6,1999,0,0,7795,7820,25
1,2001,2,0,7819,7847,28
1,2001,1,0,7847,7848,0
0,2002,2,0,7849,7849,0
0,2002,1,0,7849,7849,0
6,1999,0,0,7823,7849,25
1,2001,2,0,7848,7875,27
1,2001,1,0,7875,7876,1
0,2002,2,0,7877,7878,0
0,2002,1,0,7878,7878,0
6,1999,0,0,7852,7878,25
1,2001,2,0,7876,7904,27
3,1030,1,0,7613,7904,291
3,1030,2,0,7904,7904,0
1,2001,1,0,7904,7905,1
3,1030,2,0,7904,7905,0
1,2001,2,0,7905,7908,2
0,2002,2,0,7904,7923,19
0,2002,1,0,7923,7924,0
6,1999,0,0,7881,7924,42
0,2002,2,0,7949,7949,0
3,1030,2,0,7905,7949,44
0,2002,2,0,7952,7952,0
3,1030,2,0,7949,7952,3
0,2002,2,0,7954,7955,0
3,1030,2,0,7952,7955,2
0,2002,2,0,7957,7957,0
3,1030,2,0,7955,7958,2
3,1030,1,0,7958,7959,1
0,2002,2,0,7961,7963,2
0,2002,1,0,7963,7963,0
3,1030,1,0,7959,7963,4
6,1999,0,0,7926,7964,37
1,2001,1,0,7908,7964,55
1,2001,2,0,7964,7982,18
1,2001,2,0,7982,8015,32
1,2001,1,0,8015,8016,0
0,2002,2,0,8016,8016,0
0,2002,1,0,8016,8016,0
3,1030,1,0,7964,8016,52
3,1030,2,0,8016,8016,0
3,1030,2,0,8016,8016,0
6,1999,0,0,7986,8016,30
1,2001,2,0,8016,8019,3
1,2001,1,0,8019,8049,29
3,1030,2,0,8016,8049,32
3,1030,1,0,8049,8049,0
3,1030,1,0,8049,8049,0
1,2001,2,0,8049,8050,0
0,2002,2,0,8051,8051,0
0,2002,1,0,8051,8051,0
6,1999,0,0,8024,8051,27
1,2001,1,0,8050,8052,1
1,2001,1,0,8052,8077,25
3,1030,2,0,8049,8078,28
3,1030,1,0,8078,8078,0
3,1030,1,0,8078,8078,0
1,2001,2,0,8078,8079,1
1,2001,1,0,8079,8080,0
0,2002,2,0,8080,8080,0
0,2002,1,0,8080,8081,0
6,1999,0,0,8056,8081,24
1,2001,2,0,8080,8108,27
1,2001,1,0,8108,8109,1
0,2002,2,0,8109,8109,0
0,2002,1,0,8109,8109,0
6,1999,0,0,8084,8109,25
1,2001,2,0,8109,8136,27
1,2001,1,0,8136,8137,0
0,2002,2,0,8137,8137,0
0,2002,1,0,8137,8137,0
6,1999,0,0,8112,8159,46
1,2001,1,0,8137,8188,51
1,2001,2,0,8188,8189,0
0,2002,2,0,8188,8189,0
0,2002,1,0,8189,8189,0
6,1999,0,0,8164,8189,25
1,2001,1,0,8189,8218,28
1,2001,2,0,8218,8218,0
0,2002,2,0,8218,8218,0
0,2002,1,0,8218,8218,0
6,1999,0,0,8193,8218,25
1,2001,1,0,8218,8247,28
0,2002,2,0,8247,8247,0
0,2002,1,0,8247,8247,0
6,1999,0,0,8222,8247,24
1,2001,2,0,8247,8248,1
1,2001,1,0,8248,8275,27
1,2001,2,0,8275,8276,0
0,2002,2,0,8276,8276,0
0,2002,1,0,8276,8276,0
6,1999,0,0,8252,8276,24
1,2001,1,0,8276,8305,28
1,2001,2,0,8305,8305,0
0,2002,2,0,8305,8305,0
0,2002,1,0,8305,8305,0
6,1999,0,0,8280,8305,25
1,2001,1,0,8305,8333,28
0,2002,2,0,8333,8333,0
0,2002,1,0,8333,8333,0
6,1999,0,0,8308,8333,24
1,2001,2,0,8333,8335,2
1,2001,1,0,8335,8364,28
0,2002,2,0,8364,8364,0
0,2002,1,0,8364,8365,0
6,1999,0,0,8340,8365,25
1,2001,2,0,8364,8365,0
1,2001,1,0,8365,8393,27
1,2001,2,0,8393,8394,0
0,2002,2,0,8393,8394,0
0,2002,1,0,8394,8394,0
6,1999,0,0,8369,8394,24
1,2001,1,0,8394,8423,28
0,2002,2,0,8423,8423,0
0,2002,1,0,8423,8423,0
6,1999,0,0,8398,8423,25
1,2001,2,0,8423,8423,0
1,2001,1,0,8423,8453,29
0,2002,2,0,8454,8454,0
0,2002,1,0,8454,8454,0
6,1999,0,0,8429,8454,25
1,2001,2,0,8453,8455,1
1,2001,1,0,8455,8484,28
0,2002,2,0,8484,8484,0
0,2002,1,0,8484,8484,0
6,1999,0,0,8460,8485,24
1,2001,2,0,8484,8485,0
1,2001,1,0,8485,8514,29
3,1030,1,0,8078,8514,436
3,1030,2,0,8514,8514,0
1,2001,2,0,8514,8515,0
3,1030,1,0,8514,8515,0
3,1030,2,0,8515,8516,1
3,1030,2,0,8516,8516,0
3,1030,1,0,8516,8516,0
0,2002,2,0,8521,8521,0
0,2002,1,0,8521,8521,0
6,1999,0,0,8490,8521,31
1,2001,1,0,8516,8531,15
1,2001,2,0,8531,8531,0
0,2002,2,0,8597,8603,6
1,2001,1,0,8531,8603,72
3,1030,1,0,8516,8603,87
0,2002,1,0,8603,8603,0
6,1999,0,0,8567,8604,36
1,2001,2,0,8603,8634,30
0,2002,2,0,8706,8707,0
3,1030,2,0,8603,8707,103
0,2002,2,0,8710,8710,0
3,1030,2,0,8707,8711,3
0,2002,2,0,8714,8714,0
3,1030,2,0,8711,8714,3
0,2002,2,0,8716,8716,0
1,2001,1,0,8634,8716,81
3,1030,2,0,8715,8717,2
0,2002,2,0,8720,8736,15
0,2002,1,0,8736,8736,0
1,2001,2,0,8716,8736,19
6,1999,0,0,8680,8736,56
1,2001,1,0,8736,8782,45
3,1030,2,0,8717,8782,65
3,1030,1,0,8782,8783,0
3,1030,1,0,8783,8783,0
1,2001,1,0,8782,8785,2
3,1030,2,0,8783,8785,2
3,1030,1,0,8785,8785,0
1,2001,1,0,8785,8787,2
3,1030,1,0,8785,8787,2
0,2002,2,0,8790,8794,4
3,1030,2,0,8787,8794,7
0,2002,1,0,8794,8794,0
6,1999,0,0,8758,8795,36
1,2001,2,0,8787,8807,20
3,1030,1,0,8794,8844,50
1,2001,1,0,8807,8851,43
0,2002,2,0,8851,8875,24
1,2001,2,0,8851,8875,24
0,2002,1,0,8875,8887,12
6,1999,0,0,8820,8888,67
3,1030,1,0,8844,8967,122
0,2002,2,0,8971,8971,0
0,2002,1,0,8971,8971,0
3,1030,1,0,8967,8971,3
1,2001,1,0,8875,8973,97
0,2002,1,0,8974,8974,0
6,1999,0,0,8935,8974,38
1,2001,2,0,8973,8975,1
1,2001,1,0,8975,9010,35
3,1030,1,0,8971,9010,39
3,1030,1,0,9010,9011,0
0,2002,2,0,9011,9011,0
3,1030,2,0,9011,9011,0
3,1030,2,0,9011,9011,0
1,2001,1,0,9010,9013,2
0,2002,2,0,9013,9014,0
1,2001,2,0,9013,9023,10
0,2002,1,0,9014,9024,10
6,1999,0,0,8979,9024,44
3,1030,1,0,9011,9074,62
1,2001,1,0,9024,9079,55
3,1030,1,0,9074,9079,4
1,2001,2,0,9079,9079,0
3,1030,1,0,9079,9079,0
3,1030,2,0,9079,9079,0
0,2002,2,0,9079,9079,0
0,2002,1,0,9079,9084,4
1,2001,1,0,9079,9084,4
6,1999,0,0,9048,9084,36
3,1030,1,0,9079,9114,34
1,2001,1,0,9084,9116,32
0,2002,2,0,9116,9117,0
3,1030,2,0,9114,9117,2
0,2002,1,0,9117,9120,2
3,1030,1,0,9117,9120,2
6,1999,0,0,9088,9120,31
3,1030,1,0,9120,9120,0
1,2001,2,0,9116,9120,3
1,2001,1,0,9120,9123,2
1,2001,1,0,9123,9165,41
0,2002,2,0,9156,9165,8
1,2001,2,0,9165,9165,0
3,1030,2,0,9120,9165,45
0,2002,2,0,9168,9168,0
0,2002,1,0,9168,9170,2
6,1999,0,0,9128,9170,42
1,2001,1,0,9165,9239,73
3,1030,1,0,9165,9239,74
3,1030,1,0,9239,9239,0
1,2001,1,0,9239,9243,4
3,1030,2,0,9239,9243,4
3,1030,1,0,9243,9244,0
3,1030,2,0,9244,9244,0
3,1030,1,0,9244,9244,0
1,2001,1,0,9244,9246,2
3,1030,2,0,9244,9248,3
0,2002,2,0,9248,9249,0
3,1030,2,0,9248,9249,1
3,1030,2,0,9250,9251,1
0,2002,2,0,9252,9252,0
3,1030,2,0,9251,9253,2
1,2001,2,0,9246,9253,6
0,2002,2,0,9256,9256,0
0,2002,1,0,9256,9256,0
6,1999,0,0,9223,9256,32
0,2002,2,0,9290,9290,0
3,1030,1,0,9253,9290,36
0,2002,1,0,9290,9290,0
1,2001,1,0,9254,9298,44
0,2002,1,0,9298,9298,0
6,1999,0,0,9260,9298,38
1,2001,2,0,9298,9299,0
3,1030,1,0,9290,9318,27
1,2001,1,0,9299,9335,36
3,1030,1,0,9318,9335,17
0,2002,2,0,9335,9336,0
0,2002,1,0,9336,9336,0
6,1999,0,0,9302,9336,33
1,2001,2,0,9335,9339,3
3,1030,1,0,9335,9388,52
3,1030,1,0,9388,9390,2
1,2001,1,0,9339,9395,55
3,1030,1,0,9390,9395,4
3,1030,1,0,9395,9395,0
1,2001,2,0,9395,9395,0
3,1030,2,0,9395,9395,0
0,2002,2,0,9396,9396,0
0,2002,1,0,9396,9396,0
6,1999,0,0,9366,9396,30
1,2001,1,0,9395,9398,3
3,1030,1,0,9395,9465,69
1,2001,2,0,9398,9476,77
1,2001,1,0,9476,9476,0
0,2002,2,0,9469,9476,6
0,2002,1,0,9476,9476,0
6,1999,0,0,9439,9476,36
1,2001,2,0,9476,9506,30
1,2001,1,0,9506,9508,2
0,2002,2,0,9508,9508,0
0,2002,1,0,9508,9509,0
6,1999,0,0,9479,9509,30
0,2002,2,0,9539,9539,0
0,2002,1,0,9539,9539,0
6,1999,0,0,9512,9540,27
1,2001,2,0,9508,9540,31
1,2001,1,0,9540,9542,1
0,2002,2,0,9569,9569,0
3,1030,2,0,9465,9570,104
0,2002,2,0,9572,9572,0
0,2002,1,0,9572,9572,0
1,2001,2,0,9542,9572,30
6,1999,0,0,9545,9572,27
1,2001,1,0,9572,9575,2
1,2001,1,0,9575,9626,50
3,1030,2,0,9570,9626,56
3,1030,1,0,9626,9626,0
3,1030,1,0,9626,9626,0
0,2002,2,0,9627,9627,0
1,2001,2,0,9626,9628,2
3,1030,2,0,9626,9628,1
1,2001,1,0,9628,9629,0
0,2002,2,0,9631,9631,0
0,2002,1,0,9631,9638,7
6,1999,0,0,9603,9638,35
1,2001,1,0,9629,9702,73
0,2002,2,0,9702,9702,0
0,2002,1,0,9702,9703,0
6,1999,0,0,9671,9703,31
1,2001,2,0,9702,9711,9
3,1030,1,0,9628,9734,105
1,2001,1,0,9711,9739,27
3,1030,1,0,9734,9740,5
0,2002,2,0,9739,9740,0
3,1030,1,0,9740,9740,0
3,1030,2,0,9740,9740,0
1,2001,1,0,9740,9742,2
0,2002,1,0,9740,9755,15
6,1999,0,0,9715,9755,40
1,2001,2,0,9742,9755,13
3,1030,1,0,9740,9801,61
1,2001,2,0,9756,9804,48
0,2002,2,0,9804,9805,0
0,2002,1,0,9805,9805,0
6,1999,0,0,9780,9805,24
1,2001,1,0,9804,9805,1
1,2001,1,0,9810,9835,25
0,2002,2,0,9836,9836,0
3,1030,1,0,9801,9843,42
0,2002,1,0,9836,9843,7
6,1999,0,0,9812,9844,31
1,2001,2,0,9835,9846,11
1,2001,1,0,9847,9872,25
3,1030,2,0,9843,9872,28
3,1030,1,0,9872,9873,0
0,2002,2,0,9872,9873,0
3,1030,1,0,9873,9873,0
0,2002,1,0,9873,9874,1
6,1999,0,0,9849,9874,25
1,2001,1,0,9872,9874,2
1,2001,2,0,9875,9875,0
0,2002,2,0,9901,9902,0
3,1030,2,0,9873,9902,29
1,2001,2,0,9875,9902,27
1,2001,1,0,9902,9903,0
0,2002,2,0,9905,9905,0
0,2002,1,0,9905,9905,0
6,1999,0,0,9878,9905,26
1,2001,2,0,9903,9940,36
1,2001,1,0,9940,9941,1
0,2002,2,0,9941,9942,0
0,2002,1,0,9942,9942,0
6,1999,0,0,9917,9942,25
1,2001,2,0,9941,9968,26
1,2001,1,0,9968,9969,1
0,2002,2,0,9970,9970,0
0,2002,1,0,9970,9970,0
6,1999,0,0,9945,9970,25
1,2001,2,0,9969,9996,26
1,2001,1,0,9996,9997,1
0,2002,2,0,9998,9998,0
0,2002,1,0,9998,9998,0
6,1999,0,0,9973,9998,25
1,2001,1,0,9997,10024,26
3,1030,1,0,9902,10024,122
0,2002,2,0,10026,10026,0
0,2002,1,0,10026,10031,4
6,1999,0,0,10002,10031,29
1,2001,2,0,10024,10031,6
1,2001,1,0,10031,10056,24
3,1030,1,0,10024,10056,31
3,1030,2,0,10056,10056,0
3,1030,1,0,10056,10056,0
0,2002,2,0,10056,10056,0
3,1030,2,0,10056,10057,1
1,2001,1,0,10056,10058,2
1,2001,2,0,10058,10058,0
0,2002,2,0,10059,10059,0
0,2002,1,0,10059,10060,0
6,1999,0,0,10034,10060,26
3,1030,1,0,10057,10094,36
1,2001,1,0,10058,10094,35
0,2002,2,0,10094,10095,0
0,2002,1,0,10095,10095,0
6,1999,0,0,10072,10095,23
1,2001,2,0,10094,10110,15
0,2002,2,0,10152,10152,0
0,2002,1,0,10152,10152,0
6,1999,0,0,10127,10152,25
1,2001,2,0,10110,10153,43
1,2001,1,0,10153,10153,0
1,2001,1,0,10153,10177,24
3,1030,2,0,10094,10177,83
0,2002,2,0,10179,10179,0
3,1030,1,0,10177,10181,3
3,1030,1,0,10183,10183,0
1,2001,2,0,10177,10181,3
1,2001,1,0,10183,10183,0
0,2002,1,0,10179,10181,2
6,1999,0,0,10156,10183,27
0,2002,2,0,10209,10210,0
3,1030,2,0,10183,10210,27
1,2001,2,0,10183,10210,26
1,2001,1,0,10210,10210,0
0,2002,2,0,10213,10213,0
0,2002,1,0,10213,10213,0
6,1999,0,0,10187,10213,26
0,2002,2,0,10240,10241,0
1,2001,1,0,10210,10241,30
3,1030,2,0,10210,10241,31
3,1030,2,0,10242,10243,1
0,2002,2,0,10243,10244,0
3,1030,2,0,10243,10245,1
0,2002,2,0,10247,10247,0
0,2002,1,0,10247,10247,0
6,1999,0,0,10216,10248,31
1,2001,2,0,10241,10248,7
1,2001,1,0,10248,10277,28
3,1030,2,0,10245,10277,32
3,1030,1,0,10277,10277,0
3,1030,1,0,10277,10277,0
0,2002,2,0,10277,10277,0
0,2002,1,0,10277,10277,0
6,1999,0,0,10251,10277,26
1,2001,2,0,10277,10277,0
1,2001,1,0,10277,10293,15
3,1030,1,0,10277,10320,43
0,2002,2,0,10325,10328,2
3,1030,1,0,10320,10328,7
0,2002,1,0,10328,10328,0
0,2002,1,0,10330,10330,0
3,1030,1,0,10328,10331,2
0,2002,1,0,10333,10333,0
3,1030,1,0,10331,10333,2
0,2002,1,0,10336,10336,0
3,1030,1,0,10333,10336,3
3,1030,1,0,10336,10340,3
0,2002,1,0,10338,10340,1
1,2001,1,0,10293,10343,50
1,2001,2,0,10343,10343,0
0,2002,1,0,10342,10344,1
6,1999,0,0,10298,10344,45
1,2001,1,0,10343,10364,20
3,1030,1,0,10340,10364,23
3,1030,1,0,10364,10364,0
3,1030,2,0,10364,10364,0
1,2001,1,0,10364,10367,2
3,1030,1,0,10364,10367,3
3,1030,1,0,10367,10367,0
3,1030,2,0,10367,10367,0
1,2001,1,0,10367,10370,2
3,1030,1,0,10367,10370,2
3,1030,1,0,10370,10370,0
3,1030,2,0,10370,10370,0
1,2001,1,0,10370,10373,2
3,1030,1,0,10370,10376,5
3,1030,1,0,10376,10376,0
3,1030,2,0,10376,10376,0
0,2002,2,0,10375,10376,1
1,2001,1,0,10373,10376,2
0,2002,1,0,10376,10376,0
6,1999,0,0,10346,10376,30
1,2001,2,0,10376,10381,4
1,2001,1,0,10381,10411,30
3,1030,1,0,10376,10412,35
3,1030,2,0,10412,10412,0
3,1030,1,0,10412,10412,0
0,2002,2,0,10412,10412,0
3,1030,2,0,10412,10413,1
1,2001,1,0,10412,10413,1
1,2001,2,0,10413,10414,0
0,2002,2,0,10416,10416,0
0,2002,1,0,10416,10416,0
6,1999,0,0,10384,10416,32
3,1030,1,0,10413,10452,39
1,2001,1,0,10414,10458,43
0,2002,2,0,10458,10459,0
0,2002,1,0,10459,10459,0
6,1999,0,0,10428,10459,30
1,2001,2,0,10458,10466,8
1,2001,1,0,10466,10497,30
3,1030,2,0,10452,10497,44
3,1030,1,0,10497,10497,0
0,2002,2,0,10498,10498,0
0,2002,1,0,10498,10498,0
6,1999,0,0,10470,10498,28
3,1030,1,0,10497,10500,2
1,2001,2,0,10497,10500,2
1,2001,1,0,10500,10510,10
1,2001,1,0,10510,10556,45
3,1030,2,0,10500,10556,56
0,2002,2,0,10550,10556,5
1,2001,2,0,10556,10558,2
0,2002,2,0,10559,10563,4
0,2002,1,0,10563,10563,0
6,1999,0,0,10523,10564,40
1,2001,1,0,10558,10609,50
3,1030,1,0,10556,10609,53
3,1030,2,0,10609,10609,0
3,1030,1,0,10610,10610,0
1,2001,2,0,10609,10612,2
3,1030,1,0,10610,10613,3
0,2002,2,0,10612,10613,0
3,1030,2,0,10613,10613,0
1,2001,1,0,10613,10613,0
3,1030,2,0,10613,10613,0
0,2002,1,0,10613,10627,13
1,2001,2,0,10613,10627,14
6,1999,0,0,10579,10637,57
3,1030,1,0,10613,10669,55
0,2002,2,0,10671,10671,0
0,2002,1,0,10671,10672,0
6,1999,0,0,10641,10672,30
1,2001,2,0,10627,10673,45
1,2001,1,0,10673,10674,0
1,2001,2,0,10674,10705,30
3,1030,1,0,10669,10706,36
3,1030,2,0,10706,10706,0
3,1030,2,0,10706,10706,0
0,2002,2,0,10706,10706,0
0,2002,1,0,10706,10706,0
6,1999,0,0,10678,10706,28
1,2001,1,0,10706,10708,2
1,2001,2,0,10708,10709,0
0,2002,2,0,10740,10740,0
0,2002,1,0,10740,10740,0
3,1030,1,0,10706,10741,34
3,1030,1,0,10741,10742,1
3,1030,1,0,10742,10743,1
0,2002,1,0,10743,10743,0
0,2002,1,0,10746,10747,0
1,2001,1,0,10709,10748,39
3,1030,1,0,10743,10748,4
3,1030,1,0,10748,10748,0
0,2002,1,0,10749,10752,3
6,1999,0,0,10712,10752,39
1,2001,2,0,10748,10752,4
1,2001,1,0,10752,10788,35
3,1030,1,0,10748,10788,40
3,1030,2,0,10788,10789,0
0,2002,2,0,10797,10798,0
0,2002,1,0,10798,10798,0
3,1030,1,0,10789,10798,9
6,1999,0,0,10765,10798,32
1,2001,1,0,10788,10804,15
1,2001,2,0,10804,10804,0
1,2001,1,0,10804,10841,37
3,1030,1,0,10798,10841,43
3,1030,1,0,10841,10841,0
3,1030,2,0,10841,10841,0
1,2001,1,0,10841,10843,1
3,1030,1,0,10841,10843,1
3,1030,2,0,10843,10843,0
3,1030,1,0,10843,10843,0
1,2001,1,0,10843,10845,2
3,1030,1,0,10843,10845,1
3,1030,1,0,10845,10845,0
3,1030,2,0,10845,10845,0
1,2001,1,0,10845,10846,1
3,1030,1,0,10845,10847,1
3,1030,1,0,10847,10847,0
3,1030,2,0,10847,10847,0
1,2001,1,0,10847,10849,2
3,1030,1,0,10847,10849,2
3,1030,1,0,10849,10849,0
3,1030,2,0,10849,10849,0
1,2001,1,0,10849,10851,2
3,1030,2,0,10849,10852,2
0,2002,2,0,10852,10871,19
0,2002,1,0,10871,10872,0
6,1999,0,0,10831,10872,40
1,2001,2,0,10851,10872,20
0,2002,2,0,10918,10918,0
3,1030,2,0,10852,10919,66
0,2002,2,0,10922,10922,0
3,1030,2,0,10919,10923,4
1,2001,2,0,10872,10924,51
1,2001,1,0,10924,10924,0
0,2002,2,0,10927,10927,0
0,2002,1,0,10927,10935,7
6,1999,0,0,10897,10935,38
0,2002,2,0,10962,10962,0
3,1030,1,0,10923,10962,38
0,2002,1,0,10962,10962,0
1,2001,1,0,10924,10964,40
0,2002,1,0,10964,10964,0
6,1999,0,0,10938,10964,25
1,2001,2,0,10964,10964,0
0,2002,2,0,10993,10993,0
0,2002,1,0,10993,10993,0
6,1999,0,0,10968,10993,24
1,2001,1,0,10964,10994,29
1,2001,2,0,10994,10995,0
0,2002,2,0,11023,11023,0
0,2002,1,0,11023,11024,0
6,1999,0,0,10999,11024,25
1,2001,1,0,10995,11024,29
1,2001,2,0,11024,11025,0
0,2002,2,0,11054,11055,0
0,2002,1,0,11055,11055,0
6,1999,0,0,11029,11055,25
1,2001,1,0,11025,11055,30
1,2001,2,0,11055,11056,0
0,2002,2,0,11085,11085,0
0,2002,1,0,11085,11085,0
6,1999,0,0,11059,11085,25
1,2001,1,0,11056,11085,29
1,2001,2,0,11085,11086,0
0,2002,2,0,11115,11115,0
0,2002,1,0,11115,11115,0
6,1999,0,0,11091,11115,24
1,2001,1,0,11086,11116,30
1,2001,2,0,11116,11117,0
1,2001,1,0,11117,11146,29
0,2002,2,0,11146,11146,0
0,2002,1,0,11146,11147,0
6,1999,0,0,11121,11147,25
1,2001,2,0,11146,11147,1
1,2001,1,0,11147,11176,28
0,2002,2,0,11176,11177,0
0,2002,1,0,11177,11177,0
6,1999,0,0,11151,11177,26
1,2001,2,0,11176,11177,1
1,2001,1,0,11177,11205,27
3,1030,1,0,10962,11205,242
3,1030,1,0,11205,11205,0
3,1030,1,0,11205,11205,0
0,2002,2,0,11205,11205,0
1,2001,1,0,11205,11207,2
0,2002,1,0,11205,11207,2
3,1030,2,0,11205,11207,2
6,1999,0,0,11181,11207,25
1,2001,2,0,11207,11208,0
0,2002,2,0,11234,11234,0
0,2002,1,0,11234,11235,0
3,1030,1,0,11207,11235,27
1,2001,2,0,11208,11236,27
0,2002,1,0,11237,11237,0
6,1999,0,0,11212,11237,25
1,2001,1,0,11236,11239,3
1,2001,1,0,11239,11281,41
3,1030,1,0,11235,11281,46
3,1030,2,0,11281,11281,0
3,1030,1,0,11281,11281,0
0,2002,2,0,11282,11282,0
0,2002,1,0,11282,11282,0
6,1999,0,0,11259,11282,23
1,2001,1,0,11281,11283,2
1,2001,2,0,11283,11287,3
0,2002,2,0,11314,11314,0
3,1030,2,0,11281,11314,33
1,2001,1,0,11287,11315,28
3,1030,2,0,11315,11315,0
0,2002,2,0,11317,11317,0
3,1030,2,0,11316,11317,1
3,1030,2,0,11318,11318,0
0,2002,2,0,11320,11320,0
0,2002,1,0,11320,11321,0
6,1999,0,0,11290,11321,30
1,2001,2,0,11315,11321,6
3,1030,1,0,11318,11349,30
0,2002,2,0,11350,11351,0
1,2001,1,0,11321,11351,29
0,2002,1,0,11351,11351,0
6,1999,0,0,11323,11351,27
1,2001,2,0,11351,11367,16
3,1030,1,0,11349,11389,40
1,2001,1,0,11367,11396,29
3,1030,1,0,11389,11397,7
3,1030,2,0,11397,11397,0
3,1030,1,0,11397,11397,0
1,2001,1,0,11397,11399,2
3,1030,1,0,11397,11399,2
3,1030,2,0,11399,11399,0
3,1030,1,0,11399,11399,0
1,2001,1,0,11399,11402,2
3,1030,1,0,11399,11402,3
3,1030,1,0,11402,11402,0
3,1030,2,0,11402,11402,0
1,2001,2,0,11402,11402,0
3,1030,1,0,11402,11403,0
3,1030,2,0,11403,11403,0
3,1030,2,0,11403,11403,0
1,2001,1,0,11403,11404,1
0,2002,2,0,11405,11405,0
1,2001,2,0,11404,11406,1
0,2002,1,0,11405,11406,0
6,1999,0,0,11371,11406,34
3,1030,1,0,11403,11430,26
3,1030,1,0,11430,11432,2
3,1030,1,0,11432,11436,3
3,1030,1,0,11436,11438,2
3,1030,1,0,11438,11442,3
1,2001,1,0,11406,11445,38
3,1030,2,0,11442,11445,3
3,1030,1,0,11445,11445,0
3,1030,1,0,11445,11445,0
0,2002,2,0,11445,11445,0
0,2002,1,0,11445,11445,0
6,1999,0,0,11409,11445,36
1,2001,2,0,11445,11446,0
1,2001,1,0,11446,11448,2
0,2002,2,0,11498,11499,0
3,1030,2,0,11445,11499,54
0,2002,2,0,11501,11502,0
3,1030,2,0,11499,11502,2
0,2002,2,0,11504,11504,0
3,1030,2,0,11502,11505,3
0,2002,2,0,11507,11507,0
3,1030,2,0,11505,11507,2
1,2001,1,0,11448,11508,60
1,2001,2,0,11508,11514,6
0,2002,2,0,11510,11514,4
0,2002,1,0,11514,11518,3
6,1999,0,0,11483,11518,35
1,2001,1,0,11514,11559,45
1,2001,2,0,11560,11560,0
3,1030,2,0,11507,11560,52
3,1030,1,0,11560,11560,0
3,1030,1,0,11560,11560,0
0,2002,2,0,11562,11562,0
1,2001,1,0,11563,11563,0
0,2002,1,0,11562,11563,0
6,1999,0,0,11528,11563,35
3,1030,1,0,11560,11563,2
3,1030,2,0,11563,11563,0
1,2001,2,0,11563,11565,2
3,1030,2,0,11563,11565,1
1,2001,1,0,11565,11607,42
0,2002,2,0,11591,11607,15
3,1030,2,0,11565,11608,42
1,2001,2,0,11607,11608,0
0,2002,2,0,11610,11623,13
0,2002,1,0,11624,11624,0
6,1999,0,0,11572,11624,51
3,1030,1,0,11608,11659,51
0,2002,2,0,11660,11660,0
1,2001,1,0,11608,11661,53
0,2002,1,0,11660,11663,2
1,2001,2,0,11661,11663,1
6,1999,0,0,11638,11671,33
0,2002,2,0,11697,11698,0
3,1030,2,0,11663,11698,35
0,2002,2,0,11700,11700,0
1,2001,1,0,11663,11719,56
0,2002,1,0,11700,11719,19
6,1999,0,0,11676,11720,44
1,2001,2,0,11719,11735,15
0,2002,2,0,11782,11782,0
3,1030,2,0,11698,11783,84
1,2001,1,0,11735,11785,49
0,2002,2,0,11785,11785,0
3,1030,2,0,11783,11786,3
1,2001,2,0,11785,11788,2
0,2002,2,0,11789,11789,0
0,2002,1,0,11789,11790,0
6,1999,0,0,11759,11790,30
1,2001,1,0,11788,11831,43
1,2001,2,0,11831,11831,0
0,2002,2,0,11831,11832,0
0,2002,1,0,11832,11832,0
6,1999,0,0,11793,11832,38
3,1030,1,0,11786,11861,75
1,2001,1,0,11831,11861,29
3,1030,1,0,11861,11862,0
3,1030,1,0,11862,11862,0
3,1030,2,0,11862,11862,0
1,2001,1,0,11861,11863,1
1,2001,2,0,11863,11864,0
0,2002,2,0,11866,11866,0
0,2002,1,0,11866,11866,0
6,1999,0,0,11840,11866,26
3,1030,1,0,11862,11890,27
1,2001,1,0,11866,11908,41
0,2002,2,0,11898,11908,9
1,2001,2,0,11908,11908,0
0,2002,1,0,11908,11908,0
6,1999,0,0,11871,11908,36
1,2001,1,0,11908,11947,39
3,1030,2,0,11892,11947,54
3,1030,1,0,11947,11951,3
3,1030,1,0,11951,11951,0
0,2002,2,0,11951,11951,0
1,2001,2,0,11947,11952,4
0,2002,1,0,11951,11952,0
1,2001,1,0,11952,11953,1
6,1999,0,0,11927,11953,26
3,1030,1,0,11951,11999,47
3,1030,1,0,11999,12001,2
0,2002,2,0,12003,12012,8
1,2001,1,0,11953,12012,59
0,2002,1,0,12012,12013,1
6,1999,0,0,11978,12013,35
1,2001,2,0,12012,12014,1
1,2001,2,0,12014,12064,49
0,2002,2,0,12064,12065,1
1,2001,1,0,12064,12065,1
0,2002,1,0,12065,12066,0
6,1999,0,0,12039,12083,43
1,2001,1,0,12066,12136,70
1,2001,2,0,12136,12136,0
0,2002,2,0,12136,12145,8
0,2002,1,0,12145,12145,0
6,1999,0,0,12097,12145,47
0,2002,2,0,12176,12176,0
3,1030,1,0,12001,12177,175
0,2002,1,0,12176,12177,0
3,1030,1,0,12177,12179,2
1,2001,2,0,12136,12180,44
1,2001,1,0,12180,12181,1
0,2002,1,0,12181,12182,0
6,1999,0,0,12151,12182,30
1,2001,1,0,12181,12216,34
3,1030,2,0,12179,12216,37
0,2002,2,0,12216,12216,0
3,1030,1,0,12216,12217,0
3,1030,1,0,12217,12217,0
3,1030,2,0,12217,12218,0
1,2001,1,0,12216,12219,3
3,1030,2,0,12218,12220,2
0,2002,2,0,12220,12220,0
1,2001,2,0,12219,12227,8
3,1030,2,0,12220,12227,7
0,2002,2,0,12230,12230,0
0,2002,1,0,12230,12230,0
6,1999,0,0,12191,12231,39
1,2001,1,0,12227,12260,32
3,1030,1,0,12230,12260,29
3,1030,1,0,12260,12260,0
3,1030,2,0,12260,12260,0
0,2002,2,0,12261,12262,0
3,1030,2,0,12260,12262,2
1,2001,1,0,12260,12263,2
3,1030,2,0,12262,12264,1
0,2002,2,0,12265,12265,0
0,2002,1,0,12265,12265,0
6,1999,0,0,12235,12265,30
1,2001,2,0,12263,12278,15
1,2001,1,0,12278,12313,35
3,1030,1,0,12264,12314,49
3,1030,1,0,12314,12314,0
1,2001,1,0,12314,12316,2
3,1030,1,0,12314,12316,2
3,1030,1,0,12316,12316,0
1,2001,1,0,12316,12318,1
0,2002,2,0,12316,12324,7
3,1030,2,0,12316,12324,7
0,2002,1,0,12324,12324,0
3,1030,2,0,12324,12324,0
6,1999,0,0,12291,12324,32
1,2001,2,0,12318,12341,23
3,1030,1,0,12324,12386,62
1,2001,1,0,12341,12387,46
0,2002,2,0,12387,12401,13
0,2002,1,0,12401,12401,0
6,1999,0,0,12363,12401,38
1,2001,2,0,12387,12401,14
1,2001,1,0,12401,12428,26
0,2002,2,0,12430,12443,12
0,2002,1,0,12443,12444,0
6,1999,0,0,12405,12444,39
1,2001,2,0,12428,12444,15
1,2001,1,0,12444,12493,49
3,1030,2,0,12386,12494,107
0,2002,2,0,12496,12514,18
1,2001,2,0,12493,12514,20
0,2002,1,0,12514,12514,0
6,1999,0,0,12470,12514,44
3,1030,1,0,12494,12566,71
1,2001,1,0,12514,12569,55
0,2002,2,0,12569,12583,14
0,2002,1,0,12583,12584,0
6,1999,0,0,12544,12584,39
1,2001,2,0,12569,12587,17
0,2002,2,0,12615,12615,0
3,1030,2,0,12566,12634,68
1,2001,1,0,12587,12635,47
3,1030,1,0,12634,12635,0
0,2002,2,0,12637,12638,0
0,2002,1,0,12638,12638,0
6,1999,0,0,12591,12638,47
1,2001,2,0,12635,12643,8
0,2002,2,0,12684,12684,0
3,1030,2,0,12635,12688,53
1,2001,2,0,12643,12689,46
0,2002,2,0,12690,12691,0
1,2001,1,0,12689,12691,1
0,2002,1,0,12691,12691,0
6,1999,0,0,12658,12691,32
3,1030,1,0,12688,12717,29
1,2001,1,0,12691,12718,26
3,1030,1,0,12717,12727,10
3,1030,1,0,12727,12727,0
0,2002,2,0,12722,12728,5
3,1030,2,0,12727,12728,0
0,2002,1,0,12728,12728,0
6,1999,0,0,12695,12728,32
1,2001,1,0,12718,12730,12
1,2001,2,0,12730,12776,45
1,2001,1,0,12776,12822,46
3,1030,2,0,12728,12822,94
3,1030,1,0,12822,12822,0
3,1030,1,0,12822,12822,0
0,2002,2,0,12824,12824,0
1,2001,1,0,12822,12825,3
3,1030,2,0,12822,12825,3
0,2002,2,0,12828,12828,0
0,2002,1,0,12828,12846,17
6,1999,0,0,12800,12850,50
1,2001,2,0,12825,12851,25
1,2001,1,0,12851,12881,30
1,2001,2,0,12881,12881,0
0,2002,2,0,12882,12882,0
0,2002,1,0,12882,12883,1
6,1999,0,0,12855,12884,28
1,2001,1,0,12881,12914,33
0,2002,2,0,12913,12914,0
3,1030,1,0,12825,12928,102
0,2002,1,0,12914,12928,13
6,1999,0,0,12887,12928,40
1,2001,2,0,12914,12932,17
1,2001,1,0,12932,12960,27
1,2001,2,0,12960,12961,1
0,2002,2,0,12971,12973,2
0,2002,1,0,12973,12975,2
6,1999,0,0,12936,12975,39
3,1030,1,0,12928,13017,88
1,2001,1,0,12961,13028,67
1,2001,1,0,13029,13044,15
1,2001,2,0,13044,13044,0
3,1030,1,0,13017,13044,27
3,1030,1,0,13044,13044,0
3,1030,2,0,13044,13044,0
0,2002,2,0,13044,13045,0
0,2002,1,0,13045,13059,14
6,1999,0,0,12992,13059,67
1,2001,1,0,13044,13099,55
3,1030,1,0,13044,13102,57
3,1030,1,0,13102,13102,0
3,1030,2,0,13102,13102,0
0,2002,2,0,13102,13102,0
1,2001,1,0,13100,13103,2
3,1030,2,0,13102,13103,1
1,2001,2,0,13103,13114,11
0,2002,2,0,13114,13114,0
0,2002,1,0,13114,13114,0
6,1999,0,0,13075,13114,38
1,2001,1,0,13114,13154,39
0,2002,2,0,13156,13157,0
0,2002,1,0,13157,13164,6
1,2001,2,0,13154,13164,9
6,1999,0,0,13128,13164,36
1,2001,2,0,13164,13208,43
3,1030,2,0,13103,13209,106
3,1030,2,0,13209,13209,0
1,2001,1,0,13209,13209,0
0,2002,2,0,13209,13210,0
0,2002,1,0,13210,13210,0
6,1999,0,0,13183,13210,26
3,1030,1,0,13209,13211,2
1,2001,2,0,13209,13212,2
1,2001,1,0,13212,13242,30
0,2002,2,0,13242,13242,0
0,2002,1,0,13242,13247,5
1,2001,2,0,13242,13255,13
6,1999,0,0,13216,13255,39
1,2001,1,0,13255,13287,31
3,1030,2,0,13211,13287,75
0,2002,2,0,13287,13287,0
3,1030,2,0,13287,13290,2
3,1030,2,0,13290,13290,0
0,2002,2,0,13292,13293,0
0,2002,1,0,13293,13294,1
6,1999,0,0,13261,13296,35
1,2001,2,0,13287,13296,9
1,2001,2,0,13296,13345,48
0,2002,2,0,13344,13345,0
1,2001,1,0,13345,13346,1
0,2002,1,0,13345,13347,1
6,1999,0,0,13316,13347,30
1,2001,1,0,13346,13384,37
0,2002,2,0,13384,13385,0
3,1030,1,0,13290,13385,95
0,2002,1,0,13385,13395,10
6,1999,0,0,13356,13395,39
1,2001,2,0,13385,13402,17
3,1030,1,0,13385,13428,42
1,2001,2,0,13402,13431,28
3,1030,1,0,13428,13431,3
3,1030,2,0,13431,13432,0
3,1030,2,0,13432,13432,0
0,2002,2,0,13432,13432,0
0,2002,1,0,13432,13432,0
6,1999,0,0,13405,13432,26
1,2001,1,0,13431,13443,11
1,2001,2,0,13443,13447,3
1,2001,1,0,13447,13477,29
0,2002,2,0,13477,13477,0
3,1030,2,0,13432,13477,45
3,1030,2,0,13477,13478,0
0,2002,2,0,13480,13480,0
0,2002,1,0,13480,13480,0
6,1999,0,0,13450,13480,29
1,2001,2,0,13477,13503,26
0,2002,2,0,13553,13554,0
1,2001,1,0,13503,13558,54
1,2001,2,0,13558,13571,13
3,1030,2,0,13478,13571,93
0,2002,2,0,13574,13574,0
0,2002,1,0,13574,13575,0
6,1999,0,0,13525,13575,49
3,1030,1,0,13572,13611,39
3,1030,1,0,13611,13616,4
1,2001,1,0,13571,13617,45
0,2002,2,0,13618,13626,7
1,2001,2,0,13617,13626,9
0,2002,1,0,13626,13626,0
6,1999,0,0,13587,13627,40
1,2001,1,0,13626,13655,29
3,1030,1,0,13616,13655,39
3,1030,2,0,13655,13655,0
3,1030,1,0,13655,13665,9
1,2001,2,0,13655,13667,12
1,2001,1,0,13668,13668,0
3,1030,1,0,13665,13668,3
3,1030,2,0,13668,13685,16
0,2002,2,0,13669,13685,16
3,1030,2,0,13685,13685,0
0,2002,1,0,13685,13688,2
1,2001,2,0,13668,13688,19
6,1999,0,0,13644,13688,43
0,2002,2,0,13728,13728,0
3,1030,2,0,13685,13729,44
1,2001,1,0,13688,13732,43
0,2002,2,0,13732,13732,0
0,2002,1,0,13732,13732,0
6,1999,0,0,13705,13732,27
1,2001,2,0,13732,13744,12
0,2002,2,0,13788,13788,0
3,1030,2,0,13729,13789,60
0,2002,2,0,13790,13791,0
3,1030,2,0,13789,13791,2
0,2002,2,0,13793,13794,0
1,2001,1,0,13744,13794,49
3,1030,2,0,13791,13795,3
3,1030,2,0,13795,13795,0
1,2001,2,0,13794,13795,1
0,2002,2,0,13798,13807,8
0,2002,1,0,13807,13807,0
6,1999,0,0,13767,13807,40
3,1030,1,0,13795,13833,38
3,1030,1,0,13837,13842,4
1,2001,2,0,13795,13842,47
1,2001,1,0,13843,13843,0
0,2002,2,0,13843,13843,0
3,1030,1,0,13842,13844,1
3,1030,2,0,13844,13844,0
3,1030,2,0,13844,13844,0
0,2002,1,0,13843,13844,0
6,1999,0,0,13818,13844,25
1,2001,2,0,13843,13847,4
1,2001,1,0,13847,13900,52
1,2001,2,0,13900,13901,1
0,2002,2,0,13901,13901,0
0,2002,1,0,13901,13901,0
6,1999,0,0,13876,13902,25
3,1030,1,0,13844,13927,83
1,2001,1,0,13901,13927,26
3,1030,1,0,13927,13928,0
3,1030,2,0,13928,13928,0
3,1030,1,0,13928,13928,0
0,2002,2,0,13928,13928,0
0,2002,1,0,13928,13928,0
6,1999,0,0,13905,13928,23
1,2001,2,0,13928,13930,2
1,2001,1,0,13930,13930,0
3,1030,1,0,13928,13964,35
1,2001,1,0,13930,13972,42
1,2001,2,0,13972,13972,0
0,2002,2,0,13973,13973,0
0,2002,1,0,13973,13973,0
6,1999,0,0,13950,13973,23
0,2002,2,0,14012,14012,0
0,2002,1,0,14012,14012,0
3,1030,1,0,13964,14013,48
3,1030,1,0,14013,14020,6
0,2002,1,0,14014,14020,5
3,1030,1,0,14020,14020,0
3,1030,1,0,14020,14022,2
0,2002,1,0,14023,14023,0
6,1999,0,0,13990,14023,33
1,2001,1,0,13972,14024,51
1,2001,2,0,14024,14027,2
0,2002,2,0,14055,14056,0
0,2002,1,0,14056,14056,0
6,1999,0,0,14030,14056,26
1,2001,2,0,14027,14057,30
1,2001,1,0,14057,14067,10
1,2001,1,0,14067,14110,42
3,1030,2,0,14022,14111,88
0,2002,2,0,14110,14111,0
3,1030,2,0,14111,14112,1
0,2002,2,0,14114,14114,0
3,1030,2,0,14112,14116,3
1,2001,2,0,14110,14116,6
0,2002,2,0,14118,14118,0
0,2002,1,0,14118,14118,0
6,1999,0,0,14084,14118,34
1,2001,1,0,14116,14156,40
3,1030,1,0,14116,14157,40
3,1030,2,0,14157,14157,0
3,1030,1,0,14157,14157,0
1,2001,1,0,14156,14159,2
1,2001,2,0,14159,14165,5
0,2002,2,0,14161,14165,4
0,2002,1,0,14165,14165,0
6,1999,0,0,14132,14166,33
3,1030,1,0,14157,14190,33
1,2001,1,0,14165,14192,26
3,1030,1,0,14190,14192,1
3,1030,2,0,14192,14192,0
0,2002,2,0,14194,14199,5
3,1030,1,0,14192,14207,15
1,2001,2,0,14192,14219,27
1,2001,1,0,14219,14219,0
0,2002,1,0,14199,14220,20
6,1999,0,0,14168,14220,51
3,1030,1,0,14207,14258,50
1,2001,2,0,14219,14261,42
3,1030,1,0,14258,14262,4
3,1030,2,0,14262,14262,0
1,2001,1,0,14262,14267,4
3,1030,2,0,14262,14267,4
3,1030,2,0,14267,14267,0
1,2001,2,0,14267,14269,1
3,1030,2,0,14267,14270,2
0,2002,2,0,14276,14276,0
3,1030,1,0,14270,14276,6
3,1030,1,0,14276,14276,0
3,1030,2,0,14276,14276,0
3,1030,1,0,14276,14276,0
1,2001,2,0,14270,14278,8
0,2002,1,0,14276,14278,2
6,1999,0,0,14247,14278,31
1,2001,1,0,14278,14282,3
0,2002,2,0,14309,14309,0
3,1030,2,0,14276,14309,32
0,2002,2,0,14311,14315,3
3,1030,2,0,14309,14315,5
3,1030,1,0,14315,14315,0
1,2001,1,0,14282,14315,33
0,2002,2,0,14317,14317,0
0,2002,1,0,14317,14328,10
6,1999,0,0,14289,14328,38
1,2001,2,0,14315,14328,12
0,2002,2,0,14370,14372,2
3,1030,2,0,14315,14372,56
1,2001,1,0,14328,14382,53
0,2002,2,0,14375,14382,7
3,1030,1,0,14372,14382,9
0,2002,1,0,14382,14382,0
6,1999,0,0,14346,14382,36
1,2001,2,0,14382,14399,17
1,2001,1,0,14399,14429,30
3,1030,1,0,14382,14430,47
3,1030,1,0,14430,14430,0
3,1030,2,0,14430,14430,0
1,2001,1,0,14430,14432,2
0,2002,2,0,14434,14456,22
1,2001,2,0,14432,14457,24
3,1030,2,0,14430,14457,26
0,2002,2,0,14462,14462,0
0,2002,1,0,14462,14465,2
6,1999,0,0,14410,14465,54
1,2001,1,0,14457,14505,48
3,1030,1,0,14457,14511,54
3,1030,2,0,14511,14511,0
3,1030,1,0,14511,14512,0
1,2001,1,0,14506,14514,8
3,1030,2,0,14512,14515,2
3,1030,1,0,14515,14515,0
0,2002,2,0,14520,14520,0
0,2002,1,0,14520,14520,0
6,1999,0,0,14482,14520,38
1,2001,2,0,14514,14523,8
3,1030,1,0,14515,14523,8
1,2001,1,0,14523,14523,0
1,2001,2,0,14523,14581,57
0,2002,2,0,14581,14582,0
3,1030,1,0,14523,14582,58
3,1030,2,0,14582,14582,0
3,1030,2,0,14582,14582,0
0,2002,1,0,14582,14582,0
6,1999,0,0,14555,14582,26
1,2001,1,0,14582,14583,1
1,2001,2,0,14583,14584,1
0,2002,2,0,14606,14606,0
3,1030,2,0,14582,14607,24
0,2002,2,0,14610,14610,0
3,1030,1,0,14607,14610,3
0,2002,1,0,14610,14610,0
1,2001,1,0,14584,14612,28
1,2001,2,0,14612,14612,0
0,2002,1,0,14613,14613,0
6,1999,0,0,14587,14613,26
1,2001,1,0,14613,14649,35
0,2002,2,0,14649,14649,0
3,1030,2,0,14610,14650,39
3,1030,2,0,14650,14650,0
0,2002,2,0,14652,14652,0
0,2002,1,0,14652,14652,0
6,1999,0,0,14625,14652,27
1,2001,2,0,14649,14658,8
1,2001,2,0,14658,14706,47
0,2002,2,0,14710,14710,0
0,2002,1,0,14710,14710,0
6,1999,0,0,14686,14711,24
1,2001,1,0,14724,14724,0
3,1030,1,0,14650,14724,73
3,1030,2,0,14724,14724,0
3,1030,2,0,14724,14724,0
1,2001,2,0,14724,14727,3
0,2002,2,0,14779,14780,0
3,1030,2,0,14724,14780,55
0,2002,2,0,14782,14782,0
3,1030,2,0,14780,14783,2
0,2002,2,0,14785,14785,0
3,1030,2,0,14783,14785,2
1,2001,1,0,14727,14787,59
0,2002,2,0,14788,14788,0
0,2002,1,0,14788,14788,0
6,1999,0,0,14756,14789,32
1,2001,2,0,14787,14807,20
1,2001,1,0,14807,14845,37
0,2002,2,0,14847,14847,0
3,1030,2,0,14785,14848,62
3,1030,2,0,14848,14849,0
1,2001,2,0,14845,14851,5
0,2002,2,0,14850,14863,13
0,2002,1,0,14863,14863,0
6,1999,0,0,14817,14875,57
3,1030,1,0,14849,14922,73
1,2001,1,0,14851,14935,84
3,1030,2,0,14922,14936,13
3,1030,1,0,14936,14936,0
3,1030,1,0,14936,14936,0
1,2001,2,0,14935,14939,3
1,2001,1,0,14939,14939,0
0,2002,2,0,14939,14939,0
0,2002,1,0,14939,14939,0
6,1999,0,0,14909,14939,30
3,1030,1,0,14936,14971,34
1,2001,2,0,14939,14981,42
0,2002,2,0,14981,14982,0
0,2002,1,0,14982,14982,0
6,1999,0,0,14955,14982,26
1,2001,1,0,15000,15000,0
3,1030,1,0,14971,15000,28
3,1030,2,0,15000,15000,0
3,1030,2,0,15000,15000,0
1,2001,2,0,15000,15002,2
3,1030,1,0,15000,15026,25
3,1030,1,0,15029,15030,1
0,2002,2,0,15032,15033,0
0,2002,1,0,15033,15033,0
6,1999,0,0,15005,15033,27
3,1030,1,0,15032,15033,0
1,2001,1,0,15002,15035,32
1,2001,2,0,15035,15036,0
1,2001,1,0,15036,15075,39
0,2002,2,0,15078,15078,0
0,2002,1,0,15078,15078,0
3,1030,1,0,15033,15078,45
6,1999,0,0,15052,15078,25
1,2001,1,0,15076,15078,2
3,1030,2,0,15079,15079,0
3,1030,1,0,15079,15079,0
1,2001,2,0,15078,15080,1
1,2001,2,0,15080,15130,50
1,2001,1,0,15140,15140,0
3,1030,1,0,15079,15140,60
0,2002,2,0,15140,15140,0
3,1030,2,0,15140,15140,0
3,1030,2,0,15141,15141,0
0,2002,1,0,15140,15141,0
6,1999,0,0,15110,15141,31
1,2001,2,0,15140,15143,2
0,2002,2,0,15189,15189,0
3,1030,2,0,15141,15190,49
0,2002,2,0,15193,15193,0
1,2001,1,0,15143,15196,53
3,1030,1,0,15190,15197,6
0,2002,1,0,15193,15197,3
6,1999,0,0,15167,15197,30
1,2001,2,0,15196,15204,7
1,2001,1,0,15204,15240,36
3,1030,1,0,15197,15241,43
3,1030,2,0,15241,15241,0
1,2001,1,0,15240,15243,2
3,1030,1,0,15241,15243,2
0,2002,2,0,15245,15246,0
3,1030,2,0,15243,15246,2
3,1030,2,0,15246,15246,0
1,2001,1,0,15243,15248,5
0,2002,2,0,15248,15248,0
0,2002,1,0,15248,15248,0
3,1030,1,0,15246,15248,2
3,1030,1,0,15248,15248,0
6,1999,0,0,15223,15248,25
1,2001,2,0,15248,15250,1
1,2001,1,0,15250,15276,26
0,2002,2,0,15277,15277,0
0,2002,1,0,15277,15277,0
6,1999,0,0,15253,15277,24
1,2001,2,0,15276,15278,2
1,2001,1,0,15278,15318,40
0,2002,2,0,15319,15320,0
0,2002,1,0,15320,15320,0
6,1999,0,0,15295,15320,24
1,2001,2,0,15318,15321,2
1,2001,1,0,15321,15349,28
3,1030,2,0,15248,15350,101
0,2002,2,0,15350,15351,0
1,2001,2,0,15349,15351,1
0,2002,1,0,15351,15351,0
6,1999,0,0,15326,15351,24
0,2002,2,0,15388,15388,0
0,2002,1,0,15388,15388,0
6,1999,0,0,15363,15388,24
1,2001,2,0,15351,15388,37
1,2001,1,0,15388,15390,1
0,2002,2,0,15418,15419,0
0,2002,1,0,15419,15419,0
6,1999,0,0,15394,15419,24
1,2001,2,0,15390,15419,29
1,2001,1,0,15419,15421,1
1,2001,2,0,15421,15449,27
0,2002,2,0,15449,15449,0
0,2002,1,0,15449,15449,0
6,1999,0,0,15424,15449,24
1,2001,1,0,15449,15451,2
0,2002,2,0,15478,15479,0
0,2002,1,0,15479,15479,0
6,1999,0,0,15455,15479,24
1,2001,2,0,15451,15479,28
1,2001,1,0,15480,15481,1
0,2002,2,0,15509,15509,0
0,2002,1,0,15509,15509,0
6,1999,0,0,15485,15509,24
1,2001,2,0,15481,15510,28
1,2001,1,0,15510,15512,1
0,2002,2,0,15539,15539,0
0,2002,1,0,15539,15539,0
6,1999,0,0,15516,15539,23
1,2001,2,0,15512,15541,28
1,2001,1,0,15541,15543,1
0,2002,2,0,15570,15570,0
0,2002,1,0,15570,15570,0
6,1999,0,0,15546,15570,23
1,2001,2,0,15543,15571,28
1,2001,1,0,15571,15573,2
0,2002,2,0,15600,15601,0
0,2002,1,0,15601,15601,0
6,1999,0,0,15577,15601,23
1,2001,2,0,15573,15602,29
1,2001,1,0,15602,15604,1
0,2002,2,0,15631,15631,0
0,2002,1,0,15631,15632,0
6,1999,0,0,15608,15632,23
1,2001,2,0,15604,15633,28
1,2001,1,0,15633,15634,1
0,2002,2,0,15663,15663,0
0,2002,1,0,15663,15663,0
6,1999,0,0,15639,15663,23
1,2001,2,0,15634,15664,29
1,2001,1,0,15664,15666,2
0,2002,2,0,15694,15695,0
0,2002,1,0,15695,15695,0
6,1999,0,0,15671,15695,24
1,2001,2,0,15666,15696,29
1,2001,1,0,15696,15697,1
0,2002,2,0,15726,15726,0
0,2002,1,0,15726,15726,0
6,1999,0,0,15702,15726,24
1,2001,2,0,15697,15727,29
1,2001,1,0,15727,15729,1
0,2002,2,0,15757,15757,0
0,2002,1,0,15757,15757,0
6,1999,0,0,15733,15757,24
1,2001,2,0,15729,15758,29
1,2001,1,0,15758,15760,1
1,2001,1,0,15760,15787,26
0,2002,2,0,15788,15788,0
0,2002,1,0,15788,15788,0
6,1999,0,0,15764,15788,24
1,2001,2,0,15787,15789,1
1,2001,1,0,15789,15813,24
3,1030,2,0,15350,15814,463
3,1030,1,0,15814,15814,0
0,2002,2,0,15814,15815,0
3,1030,2,0,15814,15815,1
1,2001,1,0,15814,15816,2
3,1030,1,0,15815,15816,0
1,2001,2,0,15816,15816,0
0,2002,2,0,15817,15817,0
0,2002,1,0,15818,15818,0
6,1999,0,0,15792,15818,25
1,2001,2,0,15816,15860,44
1,2001,1,0,15860,15860,0
0,2002,2,0,15862,15862,0
0,2002,1,0,15862,15862,0
6,1999,0,0,15838,15862,23
1,2001,2,0,15860,15888,27
1,2001,1,0,15888,15888,0
0,2002,2,0,15890,15890,0
0,2002,1,0,15890,15890,0
6,1999,0,0,15865,15890,24
1,2001,2,0,15888,15916,28
1,2001,1,0,15916,15917,0
0,2002,2,0,15918,15919,0
0,2002,1,0,15919,15919,0
6,1999,0,0,15894,15919,24
1,2001,2,0,15917,15946,28
1,2001,1,0,15946,15946,0
0,2002,2,0,15947,15947,0
0,2002,1,0,15947,15947,0
6,1999,0,0,15923,15947,24
1,2001,2,0,15946,15973,26
1,2001,1,0,15973,15973,0
0,2002,2,0,15974,15975,0
0,2002,1,0,15975,15975,0
6,1999,0,0,15950,15975,24
1,2001,2,0,15973,16001,27
1,2001,1,0,16001,16001,0
0,2002,2,0,16003,16003,0
0,2002,1,0,16003,16003,0
6,1999,0,0,15978,16003,24
1,2001,2,0,16001,16029,27
1,2001,1,0,16029,16029,0
0,2002,2,0,16031,16031,0
0,2002,1,0,16031,16031,0
6,1999,0,0,16006,16031,25
1,2001,2,0,16029,16058,28
1,2001,1,0,16058,16058,0
0,2002,2,0,16060,16060,0
0,2002,1,0,16060,16060,0
6,1999,0,0,16035,16060,25
1,2001,2,0,16058,16086,27
1,2001,1,0,16086,16086,0
0,2002,2,0,16088,16088,0
0,2002,1,0,16088,16088,0
6,1999,0,0,16063,16088,24
1,2001,2,0,16086,16114,28
1,2001,1,0,16114,16115,0
0,2002,2,0,16116,16116,0
0,2002,1,0,16116,16116,0
6,1999,0,0,16092,16116,24
1,2001,2,0,16115,16142,27
1,2001,1,0,16142,16143,0
0,2002,2,0,16144,16144,0
0,2002,1,0,16144,16145,0
6,1999,0,0,16120,16145,24
1,2001,1,0,16143,16171,27
1,2001,2,0,16171,16171,0
0,2002,2,0,16172,16172,0
0,2002,1,0,16172,16172,0
6,1999,0,0,16147,16172,24
1,2001,2,0,16171,16198,27
1,2001,1,0,16198,16199,0
0,2002,2,0,16200,16200,0
0,2002,1,0,16200,16200,0
6,1999,0,0,16176,16200,24
1,2001,1,0,16199,16226,27
1,2001,2,0,16226,16227,0
0,2002,2,0,16228,16228,0
0,2002,1,0,16228,16228,0
6,1999,0,0,16203,16228,24
1,2001,1,0,16227,16255,27
1,2001,2,0,16255,16255,0
0,2002,2,0,16256,16256,0
0,2002,1,0,16256,16256,0
6,1999,0,0,16231,16256,24
1,2001,1,0,16255,16283,27
1,2001,2,0,16283,16283,0
0,2002,2,0,16284,16284,0
0,2002,1,0,16284,16284,0
6,1999,0,0,16260,16284,24
1,2001,1,0,16283,16311,27
1,2001,2,0,16311,16312,0
0,2002,2,0,16312,16312,0
0,2002,1,0,16312,16313,0
6,1999,0,0,16288,16313,24
1,2001,1,0,16312,16339,26
1,2001,2,0,16339,16340,1
0,2002,2,0,16340,16340,0
0,2002,1,0,16340,16340,0
6,1999,0,0,16316,16340,24
1,2001,1,0,16340,16366,26
1,2001,2,0,16366,16367,0
0,2002,2,0,16367,16368,0
0,2002,1,0,16368,16368,0
6,1999,0,0,16343,16368,24
1,2001,2,0,16367,16394,26
1,2001,1,0,16394,16394,0
0,2002,2,0,16395,16395,0
0,2002,1,0,16395,16395,0
6,1999,0,0,16371,16396,24
1,2001,1,0,16394,16422,27
1,2001,2,0,16422,16422,0
0,2002,2,0,16423,16423,0
0,2002,1,0,16423,16424,0
6,1999,0,0,16399,16424,25
1,2001,1,0,16422,16450,27
1,2001,2,0,16450,16450,0
0,2002,2,0,16451,16452,0
0,2002,1,0,16452,16452,0
6,1999,0,0,16427,16452,24
1,2001,1,0,16450,16478,28
1,2001,2,0,16478,16479,0
0,2002,2,0,16479,16480,0
0,2002,1,0,16480,16480,0
6,1999,0,0,16455,16480,24
1,2001,2,0,16479,16505,26
1,2001,1,0,16505,16505,0
0,2002,2,0,16506,16507,0
0,2002,1,0,16507,16507,0
6,1999,0,0,16482,16507,24
1,2001,2,0,16505,16533,27
1,2001,1,0,16533,16533,0
0,2002,2,0,16534,16534,0
0,2002,1,0,16534,16535,0
6,1999,0,0,16510,16535,24
1,2001,2,0,16533,16561,27
1,2001,1,0,16561,16561,0
0,2002,2,0,16562,16562,0
0,2002,1,0,16562,16563,0
6,1999,0,0,16538,16563,24
1,2001,2,0,16561,16588,27
1,2001,1,0,16588,16588,0
0,2002,2,0,16590,16590,0
0,2002,1,0,16590,16590,0
6,1999,0,0,16566,16590,24
1,2001,1,0,16588,16616,27
1,2001,2,0,16616,16617,1
0,2002,2,0,16617,16617,0
0,2002,1,0,16618,16618,0
6,1999,0,0,16593,16618,24
1,2001,1,0,16617,16644,26
1,2001,2,0,16644,16644,0
0,2002,2,0,16645,16645,0
0,2002,1,0,16645,16645,0
6,1999,0,0,16621,16645,24
1,2001,2,0,16644,16670,26
1,2001,1,0,16670,16671,0
0,2002,2,0,16672,16672,0
0,2002,1,0,16672,16672,0
6,1999,0,0,16648,16673,24
1,2001,2,0,16671,16698,27
1,2001,1,0,16698,16698,0
0,2002,2,0,16700,16700,0
0,2002,1,0,16700,16700,0
6,1999,0,0,16675,16700,24
1,2001,2,0,16698,16725,26
1,2001,1,0,16725,16725,0
0,2002,2,0,16727,16727,0
0,2002,1,0,16727,16727,0
6,1999,0,0,16703,16727,24
1,2001,1,0,16725,16753,27
1,2001,2,0,16753,16754,0
0,2002,2,0,16754,16754,0
0,2002,1,0,16754,16755,0
6,1999,0,0,16730,16755,24
1,2001,2,0,16754,16781,26
1,2001,1,0,16781,16781,0
0,2002,2,0,16782,16782,0
0,2002,1,0,16782,16782,0
6,1999,0,0,16757,16783,25
1,2001,1,0,16781,16808,27
1,2001,2,0,16808,16808,0
0,2002,2,0,16810,16810,0
0,2002,1,0,16810,16810,0
6,1999,0,0,16785,16810,24
1,2001,2,0,16808,16836,27
1,2001,1,0,16836,16836,0
0,2002,2,0,16837,16838,0
0,2002,1,0,16838,16838,0
6,1999,0,0,16813,16838,24
1,2001,2,0,16836,16864,28
1,2001,1,0,16864,16865,0
0,2002,2,0,16866,16866,0
0,2002,1,0,16866,16866,0
6,1999,0,0,16841,16866,24
1,2001,1,0,16865,16892,27
1,2001,2,0,16892,16893,0
0,2002,2,0,16894,16894,0
0,2002,1,0,16894,16894,0
6,1999,0,0,16869,16894,24
1,2001,1,0,16893,16920,27
1,2001,2,0,16920,16921,1
0,2002,2,0,16921,16922,0
0,2002,1,0,16922,16922,0
6,1999,0,0,16897,16922,24
1,2001,1,0,16921,16948,26
1,2001,2,0,16948,16948,0
0,2002,2,0,16949,16949,0
0,2002,1,0,16949,16949,0
6,1999,0,0,16925,16949,24
1,2001,1,0,16948,16975,27
1,2001,2,0,16975,16976,0
0,2002,2,0,16977,16977,0
0,2002,1,0,16977,16977,0
6,1999,0,0,16952,16977,24
1,2001,1,0,16976,17003,26
1,2001,2,0,17003,17003,0
0,2002,2,0,17004,17004,0
0,2002,1,0,17004,17004,0
6,1999,0,0,16980,17004,24
1,2001,1,0,17003,17030,27
1,2001,2,0,17030,17030,0
0,2002,2,0,17032,17032,0
0,2002,1,0,17032,17032,0
6,1999,0,0,17007,17032,24
1,2001,1,0,17030,17058,27
1,2001,2,0,17058,17059,0
0,2002,2,0,17060,17060,0
0,2002,1,0,17060,17060,0
6,1999,0,0,17035,17060,25
1,2001,1,0,17059,17087,27
1,2001,2,0,17087,17087,0
0,2002,2,0,17088,17088,0
0,2002,1,0,17088,17088,0
6,1999,0,0,17063,17088,24
1,2001,2,0,17087,17114,26
1,2001,1,0,17114,17114,0
0,2002,2,0,17115,17115,0
0,2002,1,0,17115,17116,0
6,1999,0,0,17091,17116,24
1,2001,2,0,17114,17142,27
1,2001,1,0,17142,17142,0
0,2002,2,0,17144,17144,0
0,2002,1,0,17144,17144,0
6,1999,0,0,17119,17144,24
1,2001,2,0,17142,17171,28
1,2001,1,0,17171,17171,0
0,2002,2,0,17172,17172,0
0,2002,1,0,17172,17173,0
6,1999,0,0,17148,17173,24
1,2001,1,0,17171,17200,28
1,2001,2,0,17200,17201,0
0,2002,2,0,17201,17201,0
0,2002,1,0,17201,17201,0
6,1999,0,0,17177,17201,24
1,2001,2,0,17201,17228,27
1,2001,1,0,17228,17228,0
0,2002,2,0,17229,17230,0
0,2002,1,0,17230,17230,0
6,1999,0,0,17205,17230,24
1,2001,2,0,17228,17256,28
1,2001,1,0,17256,17256,0
0,2002,2,0,17258,17258,0
0,2002,1,0,17258,17258,0
6,1999,0,0,17233,17258,24
1,2001,2,0,17256,17283,26
1,2001,1,0,17283,17284,0
0,2002,2,0,17285,17285,0
0,2002,1,0,17285,17285,0
6,1999,0,0,17261,17285,24
1,2001,1,0,17284,17312,28
1,2001,2,0,17312,17312,0
0,2002,2,0,17313,17313,0
0,2002,1,0,17313,17313,0
6,1999,0,0,17289,17314,24
1,2001,2,0,17312,17340,27
1,2001,1,0,17340,17340,0
0,2002,2,0,17341,17341,0
0,2002,1,0,17341,17341,0
6,1999,0,0,17317,17341,24
1,2001,1,0,17340,17368,28
1,2001,2,0,17368,17369,0
0,2002,2,0,17369,17370,0
0,2002,1,0,17370,17370,0
6,1999,0,0,17345,17370,24
1,2001,1,0,17369,17396,26
1,2001,2,0,17396,17396,0
0,2002,2,0,17397,17397,0
0,2002,1,0,17397,17397,0
6,1999,0,0,17373,17397,24
1,2001,1,0,17396,17423,26
1,2001,2,0,17423,17424,0
0,2002,2,0,17424,17425,0
0,2002,1,0,17425,17425,0
6,1999,0,0,17400,17425,24
3,1030,0,0,15816,17428,1612
1,2001,0,0,17424,17428,3
