thread,tag,sender,reciever,begin,end,lifeSpan
3,1030,0,1,16,188,171
0,2002,0,1,186,188,1
0,2002,0,1,189,190,0
6,1999,1,1,145,190,44
1,2001,0,1,16,194,177
1,2001,0,1,194,277,82
0,2002,0,1,278,278,0
6,1999,1,1,235,278,42
1,2001,0,1,277,325,47
0,2002,0,1,325,325,0
6,1999,1,1,282,325,42
0,2002,0,1,369,370,0
6,1999,1,1,327,370,42
1,2001,0,1,325,371,46
0,2002,0,1,416,416,0
6,1999,1,1,373,416,42
1,2001,0,1,371,417,46
0,2002,0,1,463,463,0
6,1999,1,1,420,463,43
1,2001,0,1,417,464,46
0,2002,0,1,509,509,0
3,1030,0,1,188,510,321
0,2002,0,1,512,512,0
6,1999,1,1,466,513,46
1,2001,0,1,464,516,52
0,2002,0,1,564,565,0
3,1030,0,1,510,565,55
0,2002,0,1,568,568,0
3,1030,0,1,565,568,2
0,2002,0,1,570,571,0
6,1999,1,1,519,571,51
1,2001,0,1,516,573,57
1,2001,0,1,573,618,44
3,1030,0,1,568,618,49
3,1030,0,1,618,618,0
0,2002,0,1,619,620,0
6,1999,1,1,576,620,43
1,2001,0,1,618,621,2
0,2002,0,1,663,664,0
6,1999,1,1,624,664,39
1,2001,0,1,621,666,44
0,2002,0,1,707,707,0
1,2001,0,1,666,707,41
3,1030,0,1,618,707,89
0,2002,0,1,709,709,0
6,1999,1,1,668,710,41
1,2001,0,1,707,751,44
3,1030,0,1,707,752,44
3,1030,0,1,752,752,0
0,2002,0,1,752,753,0
6,1999,1,1,713,753,39
1,2001,0,1,752,755,3
0,2002,0,1,798,798,0
6,1999,1,1,758,798,40
1,2001,0,1,755,798,43
0,2002,0,1,843,843,0
6,1999,1,1,802,843,40
1,2001,0,1,798,843,44
0,2002,0,1,886,886,0
6,1999,1,1,847,886,39
1,2001,0,1,843,888,44
0,2002,0,1,929,930,0
6,1999,1,1,891,930,39
1,2001,0,1,888,933,45
0,2002,0,1,975,975,0
6,1999,1,1,936,975,39
1,2001,0,1,933,977,44
0,2002,0,1,1017,1018,0
3,1030,0,1,752,1018,266
1,2001,0,1,977,1019,42
0,2002,0,1,1020,1020,0
6,1999,1,1,980,1020,40
1,2001,0,1,1019,1063,44
3,1030,0,1,1018,1064,45
3,1030,0,1,1064,1064,0
0,2002,0,1,1064,1064,0
6,1999,1,1,1024,1064,39
1,2001,0,1,1064,1066,2
0,2002,0,1,1108,1109,0
6,1999,1,1,1070,1109,39
1,2001,0,1,1066,1111,44
1,2001,0,1,1111,1149,37
3,1030,0,1,1064,1149,85
3,1030,0,1,1149,1149,0
1,2001,0,1,1149,1150,1
3,1030,0,1,1149,1151,1
3,1030,0,1,1151,1151,0
0,2002,0,1,1151,1151,0
6,1999,1,1,1115,1151,36
1,2001,0,1,1150,1153,2
0,2002,0,1,1193,1193,0
1,2001,0,1,1153,1193,40
6,1999,1,1,1157,1193,36
1,2001,0,1,1193,1233,39
0,2002,0,1,1234,1234,0
6,1999,1,1,1197,1234,36
1,2001,0,1,1233,1274,41
0,2002,0,1,1274,1274,0
6,1999,1,1,1238,1274,36
1,2001,0,1,1274,1312,38
0,2002,0,1,1313,1313,0
6,1999,1,1,1278,1313,34
3,1030,0,1,1151,1313,162
3,1030,0,1,1313,1313,0
1,2001,0,1,1313,1315,2
0,2002,0,1,1353,1353,0
3,1030,0,1,1313,1353,40
1,2001,0,1,1315,1354,39
0,2002,0,1,1356,1356,0
6,1999,1,1,1319,1356,36
0,2002,0,1,1395,1395,0
6,1999,1,1,1360,1395,35
1,2001,0,1,1354,1395,41
0,2002,0,1,1435,1436,0
6,1999,1,1,1400,1436,36
1,2001,0,1,1395,1437,41
3,1030,0,1,1353,1475,122
0,2002,0,1,1475,1475,0
1,2001,0,1,1437,1476,39
0,2002,0,1,1478,1478,0
6,1999,1,1,1441,1478,36
1,2001,0,1,1476,1517,40
0,2002,0,1,1517,1517,0
3,1030,0,1,1475,1517,41
6,1999,1,1,1482,1517,35
3,1030,0,1,1517,1517,0
1,2001,0,1,1517,1519,2
0,2002,0,1,1558,1558,0
6,1999,1,1,1523,1558,35
1,2001,0,1,1519,1558,38
0,2002,0,1,1596,1596,0
6,1999,1,1,1562,1597,34
1,2001,0,1,1558,1598,39
0,2002,0,1,1636,1636,0
6,1999,1,1,1601,1636,35
1,2001,0,1,1598,1637,39
0,2002,0,1,1675,1676,0
6,1999,1,1,1641,1676,35
1,2001,0,1,1638,1676,38
0,2002,0,1,1715,1715,0
6,1999,1,1,1680,1715,35
1,2001,0,1,1677,1716,39
0,2002,0,1,1755,1755,0
6,1999,1,1,1720,1755,35
1,2001,0,1,1716,1757,40
0,2002,0,1,1796,1796,0
6,1999,1,1,1761,1797,35
1,2001,0,1,1757,1798,40
0,2002,0,1,1836,1837,0
6,1999,1,1,1801,1837,35
1,2001,0,1,1798,1837,38
0,2002,0,1,1875,1875,0
6,1999,1,1,1841,1875,34
1,2001,0,1,1837,1877,40
0,2002,0,1,1915,1915,0
3,1030,0,1,1517,1915,397
1,2001,0,1,1877,1916,39
0,2002,0,1,1917,1918,0
6,1999,1,1,1882,1918,36
1,2001,0,1,1916,1956,39
0,2002,0,1,1957,1957,0
6,1999,1,1,1921,1957,36
1,2001,0,1,1956,1994,38
3,1030,0,1,1915,1994,79
3,1030,0,1,1994,1994,0
0,2002,0,1,1995,1995,0
6,1999,1,1,1961,1996,34
1,2001,0,1,1994,1997,2
3,1030,0,1,1994,2035,40
0,2002,0,1,2034,2035,0
1,2001,0,1,1997,2035,38
0,2002,0,1,2037,2037,0
6,1999,1,1,2000,2037,36
1,2001,0,1,2035,2075,39
3,1030,0,1,2035,2075,40
3,1030,0,1,2075,2075,0
0,2002,0,1,2076,2076,0
6,1999,1,1,2042,2076,34
1,2001,0,1,2075,2077,2
0,2002,0,1,2113,2113,0
3,1030,0,1,2075,2114,38
1,2001,0,1,2077,2114,36
0,2002,0,1,2116,2116,0
6,1999,1,1,2081,2116,35
1,2001,0,1,2114,2154,39
0,2002,0,1,2154,2154,0
6,1999,1,1,2120,2154,34
1,2001,0,1,2154,2191,36
3,1030,0,1,2114,2191,77
3,1030,0,1,2191,2191,0
0,2002,0,1,2192,2193,0
6,1999,1,1,2159,2193,34
1,2001,0,1,2191,2194,3
0,2002,0,1,2232,2232,0
3,1030,0,1,2191,2232,41
1,2001,0,1,2194,2233,38
0,2002,0,1,2235,2235,0
6,1999,1,1,2198,2235,36
1,2001,0,1,2233,2271,38
0,2002,0,1,2272,2273,0
6,1999,1,1,2238,2273,34
1,2001,0,1,2272,2315,43
0,2002,0,1,2315,2315,0
3,1030,0,1,2233,2316,83
6,1999,1,1,2283,2316,33
3,1030,0,1,2316,2316,0
1,2001,0,1,2316,2318,2
3,1030,0,1,2316,2356,39
0,2002,0,1,2356,2356,0
1,2001,0,1,2318,2356,38
0,2002,0,1,2358,2358,0
6,1999,1,1,2323,2358,35
1,2001,0,1,2356,2394,37
3,1030,0,1,2356,2394,38
3,1030,0,1,2394,2394,0
0,2002,0,1,2396,2396,0
6,1999,1,1,2362,2396,33
1,2001,0,1,2394,2396,2
0,2002,0,1,2433,2433,0
1,2001,0,1,2396,2433,37
3,1030,0,1,2394,2434,39
0,2002,0,1,2436,2436,0
6,1999,1,1,2401,2436,35
1,2001,0,1,2434,2473,39
3,1030,0,1,2434,2473,39
3,1030,0,1,2473,2473,0
0,2002,0,1,2474,2474,0
6,1999,1,1,2441,2474,33
1,2001,0,1,2473,2475,2
0,2002,0,1,2516,2516,0
3,1030,0,1,2473,2516,43
1,2001,0,1,2475,2516,41
0,2002,0,1,2518,2519,0
6,1999,1,1,2482,2519,37
1,2001,0,1,2516,2558,41
0,2002,0,1,2560,2560,0
6,1999,1,1,2524,2560,36
1,2001,0,1,2558,2598,39
0,2002,0,1,2599,2599,0
6,1999,1,1,2565,2600,34
1,2001,0,1,2598,2636,38
3,1030,0,1,2516,2637,120
3,1030,0,1,2637,2637,0
0,2002,0,1,2637,2637,0
6,1999,1,1,2604,2637,32
1,2001,0,1,2637,2639,2
0,2002,0,1,2676,2676,0
6,1999,1,1,2643,2676,32
1,2001,0,1,2639,2678,39
0,2002,0,1,2715,2716,0
6,1999,1,1,2683,2716,33
1,2001,0,1,2678,2718,40
0,2002,0,1,2756,2756,0
3,1030,0,1,2637,2756,119
0,2002,0,1,2757,2758,0
6,1999,1,1,2723,2758,34
1,2001,0,1,2718,2758,39
1,2001,0,1,2758,2797,38
0,2002,0,1,2797,2797,0
6,1999,1,1,2763,2797,34
3,1030,0,1,2756,2797,41
3,1030,0,1,2797,2798,0
1,2001,0,1,2797,2799,1
0,2002,0,1,2838,2838,0
3,1030,0,1,2798,2838,40
1,2001,0,1,2799,2839,40
0,2002,0,1,2840,2840,0
6,1999,1,1,2804,2840,36
1,2001,0,1,2839,2881,42
0,2002,0,1,2881,2882,0
6,1999,1,1,2846,2882,36
1,2001,0,1,2881,2920,38
3,1030,0,1,2838,2920,81
3,1030,0,1,2920,2920,0
0,2002,0,1,2921,2921,0
6,1999,1,1,2887,2921,34
1,2001,0,1,2920,2922,1
0,2002,0,1,2959,2960,0
3,1030,0,1,2920,2960,39
1,2001,0,1,2922,2961,39
0,2002,0,1,2962,2962,0
6,1999,1,1,2927,2962,35
1,2001,0,1,2961,2998,36
3,1030,0,1,2960,2998,38
3,1030,0,1,2998,2998,0
0,2002,0,1,3000,3000,0
6,1999,1,1,2966,3000,34
1,2001,0,1,2998,3000,2
0,2002,0,1,3037,3037,0
6,1999,1,1,3005,3037,32
1,2001,0,1,3000,3039,38
1,2001,0,1,3039,3077,37
0,2002,0,1,3077,3078,0
6,1999,1,1,3043,3078,34
0,2002,0,1,3114,3114,0
6,1999,1,1,3081,3114,33
1,2001,0,1,3077,3115,38
0,2002,0,1,3153,3153,0
3,1030,0,1,2998,3153,154
1,2001,0,1,3115,3154,38
0,2002,0,1,3155,3156,0
6,1999,1,1,3120,3156,35
1,2001,0,1,3154,3195,40
0,2002,0,1,3196,3196,0
6,1999,1,1,3160,3197,36
1,2001,0,1,3195,3236,41
0,2002,0,1,3236,3236,0
6,1999,1,1,3201,3236,35
1,2001,1,1,3236,3259,23
3,1030,1,1,3153,3260,106
6,1999,1,1,3239,3260,21
6,1999,0,1,3261,3272,11
1,2001,0,1,3260,3272,11
3,1030,0,1,3260,3273,12
3,1030,0,1,3260,3273,13
3,1030,2,1,3273,3273,0
6,1999,1,1,3272,3275,3
5,1998,1,1,3250,3275,25
1,2001,0,1,3273,3275,2
0,2002,0,1,3274,3275,0
2,2001,1,1,3260,3275,15
3,1030,1,1,3273,3275,2
6,1999,1,1,3283,3283,0
1,2001,2,1,3275,3284,8
1,2001,2,1,3284,3310,25
3,1030,0,1,3273,3310,37
3,1030,2,1,3310,3312,1
3,1030,2,1,3312,3312,0
1,2001,2,1,3310,3314,3
3,1030,2,1,3312,3315,3
3,1030,2,1,3315,3315,0
3,1030,0,1,3315,3315,0
1,2001,2,1,3314,3317,2
3,1030,2,1,3315,3318,2
3,1030,2,1,3318,3318,0
1,2001,2,1,3318,3321,2
1,2001,2,1,3321,3331,10
3,1030,0,1,3318,3332,13
3,1030,0,1,3332,3332,0
3,1030,2,1,3332,3332,0
3,1030,2,1,3332,3332,0
3,1030,0,1,3332,3332,0
3,1030,2,1,3332,3332,0
3,1030,2,1,3332,3332,0
1,2001,2,1,3332,3333,1
3,1030,0,1,3332,3336,4
0,2002,0,1,3334,3336,2
3,1030,0,1,3336,3337,0
0,2002,0,1,3338,3338,0
3,1030,0,1,3337,3338,1
0,2002,0,1,3341,3341,0
0,2002,2,1,3341,3341,0
6,1999,1,1,3310,3341,31
1,2001,0,1,3333,3351,18
1,2001,2,1,3351,3367,15
3,1030,0,1,3338,3367,29
3,1030,2,1,3367,3367,0
3,1030,2,1,3367,3368,0
1,2001,2,1,3367,3369,2
3,1030,0,1,3368,3370,2
3,1030,2,1,3370,3370,0
3,1030,2,1,3370,3370,0
1,2001,2,1,3370,3372,2
3,1030,0,1,3370,3373,2
3,1030,2,1,3373,3373,0
3,1030,2,1,3373,3373,0
1,2001,2,1,3372,3375,2
1,2001,0,1,3375,3381,6
3,1030,0,1,3373,3384,11
0,2002,0,1,3376,3384,8
0,2002,2,1,3384,3384,0
6,1999,1,1,3354,3384,30
1,2001,2,1,3381,3415,33
3,1030,0,1,3384,3415,30
3,1030,0,1,3415,3415,0
3,1030,2,1,3415,3415,0
0,2002,0,1,3415,3415,0
3,1030,2,1,3415,3416,0
1,2001,2,1,3415,3418,2
0,2002,0,1,3418,3418,0
0,2002,2,1,3418,3419,0
6,1999,1,1,3394,3419,24
1,2001,0,1,3418,3419,1
1,2001,2,1,3419,3451,31
0,2002,0,1,3453,3453,0
0,2002,2,1,3453,3453,0
6,1999,1,1,3430,3453,23
1,2001,0,1,3451,3454,2
1,2001,2,1,3454,3479,25
0,2002,0,1,3481,3481,0
0,2002,2,1,3481,3482,0
6,1999,1,1,3457,3482,24
1,2001,0,1,3479,3482,2
1,2001,2,1,3482,3508,25
0,2002,0,1,3510,3510,0
0,2002,2,1,3510,3523,13
6,1999,1,1,3486,3524,37
1,2001,0,1,3508,3524,16
1,2001,2,1,3524,3557,33
0,2002,0,1,3558,3558,0
0,2002,2,1,3558,3558,0
6,1999,1,1,3535,3558,23
1,2001,0,1,3557,3560,2
1,2001,2,1,3560,3585,25
3,1030,0,1,3416,3586,170
3,1030,2,1,3586,3587,0
3,1030,2,1,3587,3587,0
1,2001,0,1,3586,3588,1
3,1030,0,1,3587,3588,1
3,1030,0,1,3588,3588,0
1,2001,2,1,3588,3588,0
3,1030,2,1,3588,3588,0
3,1030,0,1,3588,3589,0
3,1030,2,1,3589,3589,0
1,2001,0,1,3589,3590,0
3,1030,0,1,3589,3590,0
3,1030,0,1,3590,3590,0
1,2001,2,1,3590,3591,1
3,1030,2,1,3590,3592,1
3,1030,2,1,3592,3592,0
1,2001,0,1,3591,3593,1
0,2002,0,1,3595,3595,0
0,2002,2,1,3595,3596,0
6,1999,1,1,3563,3596,32
0,2002,0,1,3622,3622,0
3,1030,0,1,3592,3622,30
1,2001,2,1,3593,3624,30
0,2002,0,1,3625,3625,0
0,2002,2,1,3625,3625,0
6,1999,1,1,3599,3626,26
1,2001,0,1,3624,3626,1
0,2002,0,1,3660,3660,0
3,1030,0,1,3622,3660,37
1,2001,0,1,3626,3663,37
1,2001,2,1,3663,3664,1
0,2002,0,1,3664,3664,0
0,2002,2,1,3664,3665,1
6,1999,1,1,3639,3665,26
1,2001,0,1,3664,3693,29
0,2002,0,1,3693,3694,0
0,2002,2,1,3694,3694,0
6,1999,1,1,3669,3694,25
1,2001,2,1,3693,3694,1
0,2002,0,1,3718,3718,0
3,1030,0,1,3660,3718,58
3,1030,2,1,3718,3720,1
0,2002,0,1,3722,3722,0
0,2002,2,1,3722,3722,0
6,1999,1,1,3698,3722,23
1,2001,0,1,3695,3722,27
1,2001,2,1,3722,3722,0
1,2001,0,1,3722,3748,26
3,1030,2,1,3720,3749,28
3,1030,0,1,3749,3749,0
3,1030,0,1,3749,3749,0
1,2001,2,1,3749,3749,0
3,1030,0,1,3749,3750,0
3,1030,2,1,3750,3750,0
3,1030,2,1,3750,3750,0
1,2001,0,1,3750,3751,1
3,1030,2,1,3750,3751,1
3,1030,0,1,3751,3751,0
3,1030,0,1,3751,3751,0
1,2001,2,1,3751,3753,1
1,2001,0,1,3753,3754,1
0,2002,0,1,3758,3759,0
0,2002,2,1,3761,3761,0
6,1999,1,1,3725,3761,35
0,2002,0,1,3789,3789,0
3,1030,0,1,3751,3789,38
1,2001,2,1,3754,3800,46
3,1030,0,1,3789,3801,11
3,1030,2,1,3801,3801,0
0,2002,0,1,3792,3801,8
1,2001,0,1,3801,3810,9
0,2002,0,1,3810,3810,0
0,2002,2,1,3814,3814,0
6,1999,1,1,3775,3814,39
1,2001,2,1,3810,3859,49
3,1030,0,1,3801,3860,59
3,1030,2,1,3860,3860,0
3,1030,2,1,3860,3860,0
3,1030,0,1,3860,3865,4
1,2001,2,1,3860,3865,5
0,2002,0,1,3865,3865,0
3,1030,0,1,3865,3866,0
0,2002,0,1,3867,3867,0
3,1030,0,1,3866,3868,1
0,2002,0,1,3871,3871,0
0,2002,2,1,3871,3872,0
6,1999,1,1,3826,3872,45
1,2001,0,1,3865,3872,6
0,2002,0,1,3914,3916,1
3,1030,2,1,3871,3916,44
3,1030,0,1,3916,3916,0
1,2001,2,1,3872,3916,43
0,2002,0,1,3919,3919,0
1,2001,0,1,3916,3928,11
0,2002,2,1,3919,3928,8
6,1999,1,1,3891,3928,36
1,2001,0,1,3928,3980,52
0,2002,0,1,3982,3982,0
1,2001,2,1,3980,3982,1
0,2002,2,1,3982,4004,22
6,1999,1,1,3957,4005,48
1,2001,0,1,3982,4035,52
1,2001,2,1,4035,4036,1
0,2002,0,1,4037,4037,0
0,2002,2,1,4037,4037,0
6,1999,1,1,4011,4037,25
1,2001,0,1,4036,4065,29
0,2002,0,1,4067,4067,0
0,2002,2,1,4067,4067,0
6,1999,1,1,4042,4067,25
1,2001,2,1,4065,4068,2
3,1030,2,1,3916,4097,181
1,2001,2,1,4068,4097,29
0,2002,0,1,4098,4098,0
0,2002,2,1,4098,4104,5
6,1999,1,1,4073,4104,30
1,2001,0,1,4097,4104,6
1,2001,2,1,4104,4148,44
0,2002,0,1,4149,4150,0
1,2001,0,1,4148,4150,1
0,2002,2,1,4150,4150,0
6,1999,1,1,4124,4150,26
1,2001,2,1,4150,4178,27
0,2002,0,1,4180,4180,0
1,2001,0,1,4178,4180,2
0,2002,2,1,4180,4180,0
6,1999,1,1,4154,4180,26
1,2001,2,1,4180,4207,27
1,2001,0,1,4207,4210,2
0,2002,0,1,4210,4210,0
0,2002,2,1,4210,4210,0
6,1999,1,1,4184,4210,26
1,2001,2,1,4210,4237,26
1,2001,0,1,4237,4239,2
0,2002,0,1,4239,4239,0
0,2002,2,1,4239,4239,0
6,1999,1,1,4213,4239,26
1,2001,2,1,4239,4266,26
3,1030,0,1,4097,4268,170
3,1030,2,1,4268,4278,9
0,2002,0,1,4277,4278,0
1,2001,0,1,4268,4278,10
0,2002,2,1,4278,4278,0
3,1030,2,1,4278,4278,0
6,1999,1,1,4255,4278,23
1,2001,2,1,4278,4284,5
0,2002,0,1,4320,4320,0
3,1030,0,1,4278,4320,41
0,2002,0,1,4322,4332,9
3,1030,2,1,4320,4333,12
0,2002,2,1,4332,4333,0
6,1999,1,1,4297,4333,35
1,2001,2,1,4284,4334,50
1,2001,0,1,4334,4343,9
3,1030,2,1,4333,4422,88
3,1030,2,1,4422,4422,0
3,1030,2,1,4422,4425,3
1,2001,2,1,4343,4426,82
3,1030,2,1,4425,4427,1
3,1030,0,1,4427,4427,0
3,1030,2,1,4427,4427,0
1,2001,2,1,4427,4430,2
1,2001,0,1,4431,4431,0
3,1030,0,1,4427,4431,3
3,1030,2,1,4431,4431,0
3,1030,2,1,4431,4431,0
3,1030,0,1,4431,4431,0
3,1030,0,1,4431,4431,0
3,1030,2,1,4431,4431,0
1,2001,2,1,4431,4433,1
3,1030,0,1,4431,4434,2
3,1030,2,1,4434,4434,0
3,1030,2,1,4434,4434,0
1,2001,0,1,4434,4435,0
0,2002,0,1,4435,4435,0
1,2001,2,1,4435,4438,2
0,2002,2,1,4435,4448,12
6,1999,1,1,4418,4448,29
3,1030,0,1,4434,4490,55
0,2002,0,1,4490,4490,0
0,2002,0,1,4493,4493,0
3,1030,0,1,4490,4494,3
0,2002,0,1,4496,4496,0
3,1030,0,1,4494,4496,2
0,2002,0,1,4499,4499,0
3,1030,0,1,4496,4499,3
1,2001,2,1,4438,4502,64
0,2002,0,1,4501,4503,1
3,1030,0,1,4499,4503,3
1,2001,0,1,4502,4519,16
0,2002,0,1,4507,4519,12
0,2002,2,1,4519,4519,0
6,1999,1,1,4473,4520,46
3,1030,2,1,4503,4579,75
3,1030,2,1,4579,4582,2
1,2001,0,1,4519,4584,64
3,1030,2,1,4582,4585,2
3,1030,0,1,4585,4585,0
1,2001,2,1,4584,4585,0
3,1030,0,1,4585,4585,0
3,1030,2,1,4585,4586,1
3,1030,0,1,4586,4586,0
3,1030,2,1,4586,4586,0
0,2002,0,1,4587,4587,0
0,2002,2,1,4587,4587,0
6,1999,1,1,4560,4587,27
1,2001,0,1,4585,4588,2
1,2001,2,1,4588,4590,2
0,2002,0,1,4618,4618,0
0,2002,2,1,4618,4619,0
3,1030,2,1,4586,4619,32
1,2001,2,1,4590,4619,29
1,2001,0,1,4619,4620,1
0,2002,2,1,4634,4634,0
6,1999,1,1,4594,4634,39
1,2001,2,1,4620,4662,41
3,1030,0,1,4619,4663,44
3,1030,2,1,4663,4663,0
1,2001,0,1,4663,4663,0
3,1030,2,1,4663,4663,0
3,1030,0,1,4663,4664,0
3,1030,2,1,4664,4664,0
3,1030,0,1,4664,4664,0
1,2001,0,1,4663,4666,2
3,1030,0,1,4664,4666,2
3,1030,2,1,4666,4666,0
3,1030,0,1,4666,4666,0
1,2001,2,1,4666,4667,0
0,2002,0,1,4668,4668,0
1,2001,0,1,4667,4671,4
0,2002,2,1,4668,4671,3
6,1999,1,1,4637,4671,34
1,2001,2,1,4671,4717,45
3,1030,0,1,4666,4718,52
1,2001,2,1,4717,4721,3
1,2001,0,1,4721,4721,0
3,1030,2,1,4721,4722,0
0,2002,0,1,4723,4723,0
3,1030,2,1,4722,4723,1
3,1030,0,1,4723,4723,0
0,2002,2,1,4723,4723,0
6,1999,1,1,4689,4723,34
1,2001,2,1,4721,4728,6
3,1030,2,1,4723,4728,4
3,1030,2,1,4728,4728,0
0,2002,0,1,4761,4761,0
3,1030,0,1,4728,4761,33
0,2002,0,1,4763,4764,0
3,1030,0,1,4761,4764,2
0,2002,0,1,4765,4773,8
3,1030,2,1,4764,4774,9
0,2002,2,1,4774,4774,0
1,2001,2,1,4728,4775,47
3,1030,2,1,4774,4775,1
1,2001,0,1,4775,4776,1
0,2002,2,1,4776,4776,0
6,1999,1,1,4747,4777,29
1,2001,2,1,4776,4818,41
1,2001,0,1,4818,4818,0
3,1030,2,1,4776,4818,42
3,1030,0,1,4818,4818,0
3,1030,0,1,4818,4818,0
3,1030,0,1,4818,4818,0
3,1030,2,1,4818,4818,0
3,1030,2,1,4818,4819,0
0,2002,0,1,4819,4819,0
0,2002,2,1,4819,4820,0
6,1999,1,1,4803,4820,16
1,2001,0,1,4818,4820,2
1,2001,2,1,4820,4821,0
3,1030,0,1,4819,4843,24
0,2002,0,1,4842,4843,0
3,1030,0,1,4843,4845,2
0,2002,0,1,4845,4845,0
3,1030,0,1,4845,4847,2
0,2002,0,1,4847,4847,0
0,2002,0,1,4850,4850,0
0,2002,2,1,4850,4850,0
3,1030,2,1,4847,4851,3
1,2001,2,1,4821,4853,32
0,2002,2,1,4854,4854,0
1,2001,0,1,4853,4854,0
6,1999,1,1,4827,4854,27
3,1030,2,1,4851,4889,38
1,2001,2,1,4854,4890,35
0,2002,0,1,4889,4890,0
0,2002,2,1,4890,4890,0
6,1999,1,1,4865,4891,26
1,2001,0,1,4890,4891,1
1,2001,2,1,4891,4931,40
0,2002,0,1,4931,4932,0
0,2002,2,1,4932,4932,0
6,1999,1,1,4907,4932,25
1,2001,0,1,4931,4933,1
1,2001,2,1,4933,4964,31
1,2001,0,1,4964,4965,0
0,2002,0,1,4965,4968,3
0,2002,2,1,4968,4969,0
6,1999,1,1,4940,4969,29
1,2001,2,1,4965,5003,38
0,2002,0,1,5005,5005,0
1,2001,0,1,5005,5006,1
3,1030,0,1,4889,5006,117
3,1030,2,1,5006,5006,0
3,1030,2,1,5006,5006,0
1,2001,2,1,5006,5009,2
3,1030,0,1,5006,5024,17
0,2002,0,1,5025,5025,0
0,2002,2,1,5025,5043,18
6,1999,1,1,4982,5043,61
1,2001,2,1,5009,5074,65
3,1030,0,1,5024,5075,51
3,1030,2,1,5075,5075,0
3,1030,2,1,5075,5075,0
1,2001,0,1,5075,5076,0
3,1030,2,1,5075,5076,0
1,2001,2,1,5076,5087,10
3,1030,0,1,5076,5087,11
3,1030,0,1,5087,5087,0
1,2001,0,1,5087,5090,3
0,2002,0,1,5087,5090,3
0,2002,2,1,5090,5091,0
6,1999,1,1,5050,5091,40
3,1030,0,1,5087,5132,44
0,2002,0,1,5131,5132,0
1,2001,2,1,5090,5138,48
3,1030,0,1,5132,5143,11
0,2002,0,1,5134,5149,14
1,2001,0,1,5138,5149,10
0,2002,0,1,5152,5152,0
0,2002,2,1,5152,5152,0
6,1999,1,1,5113,5152,39
3,1030,0,1,5143,5194,50
0,2002,0,1,5193,5194,0
3,1030,0,1,5194,5207,13
1,2001,2,1,5149,5207,58
0,2002,0,1,5196,5207,11
0,2002,0,1,5210,5210,0
1,2001,0,1,5207,5211,3
0,2002,2,1,5211,5211,0
6,1999,1,1,5170,5211,41
3,1030,2,1,5207,5265,57
0,2002,0,1,5275,5275,0
0,2002,2,1,5275,5276,0
1,2001,0,1,5211,5279,67
1,2001,2,1,5279,5280,1
3,1030,2,1,5265,5280,15
0,2002,2,1,5283,5284,0
6,1999,1,1,5247,5284,37
1,2001,2,1,5280,5360,80
3,1030,0,1,5281,5361,80
0,2002,0,1,5369,5371,2
3,1030,0,1,5361,5371,10
3,1030,2,1,5371,5372,0
1,2001,0,1,5361,5372,10
3,1030,2,1,5372,5373,1
0,2002,0,1,5373,5373,0
0,2002,2,1,5373,5373,0
6,1999,1,1,5340,5373,33
1,2001,2,1,5372,5375,2
1,2001,0,1,5375,5404,28
3,1030,0,1,5373,5404,30
3,1030,0,1,5404,5404,0
1,2001,0,1,5404,5406,2
3,1030,0,1,5404,5407,2
3,1030,2,1,5407,5407,0
3,1030,2,1,5407,5407,0
1,2001,2,1,5407,5407,0
3,1030,0,1,5407,5426,18
1,2001,0,1,5407,5426,18
0,2002,0,1,5409,5426,16
0,2002,2,1,5426,5431,5
6,1999,1,1,5383,5431,48
1,2001,2,1,5426,5476,50
3,1030,0,1,5426,5477,51
3,1030,2,1,5477,5477,0
3,1030,2,1,5477,5477,0
1,2001,2,1,5477,5480,3
3,1030,0,1,5477,5481,3
1,2001,2,1,5481,5485,4
3,1030,2,1,5481,5486,4
3,1030,2,1,5486,5486,0
3,1030,2,1,5486,5486,0
3,1030,0,1,5486,5486,0
3,1030,2,1,5486,5486,0
0,2002,0,1,5486,5486,0
0,2002,2,1,5486,5486,0
6,1999,1,1,5453,5486,33
1,2001,0,1,5486,5489,3
1,2001,2,1,5489,5489,0
1,2001,2,1,5489,5544,55
3,1030,2,1,5486,5544,58
3,1030,2,1,5544,5545,0
3,1030,2,1,5545,5545,0
1,2001,2,1,5545,5548,3
0,2002,0,1,5545,5548,2
3,1030,0,1,5545,5548,2
0,2002,2,1,5548,5550,2
6,1999,1,1,5524,5550,26
1,2001,0,1,5548,5557,9
3,1030,0,1,5548,5608,60
0,2002,0,1,5608,5608,0
0,2002,0,1,5611,5611,0
3,1030,0,1,5608,5611,3
3,1030,0,1,5611,5613,1
0,2002,0,1,5613,5613,0
3,1030,2,1,5613,5632,18
0,2002,0,1,5632,5632,0
3,1030,2,1,5632,5633,0
0,2002,2,1,5632,5633,0
6,1999,1,1,5591,5633,41
1,2001,2,1,5557,5635,77
1,2001,0,1,5635,5637,1
0,2002,0,1,5665,5667,2
3,1030,0,1,5633,5667,34
3,1030,0,1,5667,5670,2
0,2002,0,1,5670,5670,0
0,2002,0,1,5672,5672,0
3,1030,0,1,5670,5672,2
3,1030,2,1,5672,5673,0
0,2002,0,1,5676,5676,0
1,2001,2,1,5637,5677,39
3,1030,2,1,5673,5677,3
0,2002,2,1,5677,5677,0
6,1999,1,1,5642,5677,34
1,2001,0,1,5677,5691,14
1,2001,2,1,5691,5716,24
3,1030,0,1,5677,5717,39
3,1030,2,1,5717,5717,0
3,1030,2,1,5717,5717,0
1,2001,0,1,5716,5719,2
3,1030,2,1,5717,5719,2
1,2001,2,1,5719,5719,0
3,1030,0,1,5719,5719,0
3,1030,0,1,5719,5719,0
0,2002,0,1,5720,5720,0
0,2002,2,1,5720,5721,0
6,1999,1,1,5695,5721,25
1,2001,0,1,5719,5723,3
1,2001,2,1,5723,5760,37
0,2002,0,1,5763,5763,0
0,2002,2,1,5763,5763,0
6,1999,1,1,5737,5763,25
1,2001,0,1,5761,5764,3
1,2001,2,1,5764,5793,28
0,2002,0,1,5795,5795,0
0,2002,2,1,5795,5795,0
6,1999,1,1,5769,5796,26
1,2001,0,1,5793,5798,4
1,2001,2,1,5798,5828,30
3,1030,0,1,5719,5829,110
0,2002,0,1,5829,5829,0
3,1030,2,1,5829,5830,0
0,2002,2,1,5829,5830,0
3,1030,2,1,5830,5830,0
6,1999,1,1,5805,5830,24
1,2001,2,1,5829,5832,2
1,2001,0,1,5832,5841,8
1,2001,2,1,5841,5890,48
3,1030,0,1,5830,5891,61
3,1030,2,1,5891,5891,0
0,2002,0,1,5891,5892,0
3,1030,2,1,5891,5892,0
3,1030,0,1,5892,5892,0
1,2001,2,1,5891,5893,2
3,1030,0,1,5893,5895,1
0,2002,0,1,5895,5898,2
0,2002,2,1,5898,5898,0
6,1999,1,1,5871,5907,35
1,2001,0,1,5894,5931,37
0,2002,0,1,5967,5967,0
0,2002,2,1,5967,5967,0
3,1030,2,1,5895,5968,73
0,2002,2,1,5971,5971,0
6,1999,1,1,5943,5971,27
1,2001,2,1,5931,5972,41
1,2001,0,1,5972,5984,11
0,2002,0,1,6053,6053,0
0,2002,2,1,6053,6053,0
3,1030,2,1,5968,6054,85
3,1030,2,1,6054,6054,0
0,2002,2,1,6056,6056,0
6,1999,1,1,6026,6056,29
1,2001,2,1,5984,6057,73
1,2001,0,1,6057,6076,18
1,2001,2,1,6076,6107,31
1,2001,0,1,6108,6108,0
3,1030,0,1,6054,6108,53
0,2002,0,1,6109,6110,0
3,1030,2,1,6108,6110,1
3,1030,2,1,6110,6110,0
1,2001,2,1,6108,6112,4
0,2002,2,1,6110,6127,17
6,1999,1,1,6083,6127,43
0,2002,0,1,6163,6163,0
1,2001,2,1,6112,6163,50
1,2001,0,1,6163,6164,0
0,2002,2,1,6163,6164,0
6,1999,1,1,6138,6164,26
1,2001,2,1,6164,6195,31
3,1030,2,1,6110,6196,85
0,2002,0,1,6197,6197,0
0,2002,2,1,6197,6198,0
6,1999,1,1,6172,6198,26
1,2001,0,1,6195,6203,7
1,2001,2,1,6203,6232,28
0,2002,0,1,6233,6234,0
0,2002,2,1,6234,6234,0
6,1999,1,1,6208,6234,26
1,2001,0,1,6232,6234,2
1,2001,2,1,6234,6262,27
0,2002,0,1,6264,6265,0
0,2002,2,1,6265,6265,0
6,1999,1,1,6238,6265,26
1,2001,0,1,6262,6265,2
1,2001,2,1,6265,6293,28
0,2002,0,1,6295,6295,0
0,2002,2,1,6295,6295,0
6,1999,1,1,6269,6295,26
1,2001,0,1,6293,6296,2
1,2001,2,1,6296,6324,28
0,2002,0,1,6325,6325,0
0,2002,2,1,6325,6325,0
6,1999,1,1,6299,6326,26
1,2001,0,1,6324,6326,2
1,2001,2,1,6326,6355,28
0,2002,0,1,6356,6356,0
0,2002,2,1,6356,6356,0
6,1999,1,1,6330,6356,25
1,2001,0,1,6355,6357,2
1,2001,2,1,6357,6386,28
0,2002,0,1,6387,6387,0
0,2002,2,1,6387,6387,0
6,1999,1,1,6361,6387,26
1,2001,0,1,6386,6388,2
1,2001,2,1,6388,6416,28
0,2002,0,1,6418,6418,0
0,2002,2,1,6418,6418,0
6,1999,1,1,6392,6418,26
1,2001,0,1,6416,6419,2
1,2001,2,1,6419,6446,27
0,2002,0,1,6448,6448,0
0,2002,2,1,6448,6448,0
6,1999,1,1,6422,6448,26
1,2001,0,1,6447,6449,2
1,2001,2,1,6449,6477,28
0,2002,0,1,6478,6478,0
0,2002,2,1,6478,6479,0
6,1999,1,1,6453,6479,26
1,2001,0,1,6477,6479,1
1,2001,2,1,6479,6508,28
0,2002,0,1,6510,6510,0
0,2002,2,1,6510,6510,0
6,1999,1,1,6484,6510,26
1,2001,0,1,6508,6510,2
1,2001,0,1,6510,6539,28
1,2001,2,1,6539,6539,0
0,2002,0,1,6540,6541,0
0,2002,2,1,6541,6551,10
6,1999,1,1,6514,6551,36
1,2001,0,1,6539,6579,39
3,1030,2,1,6196,6579,382
1,2001,2,1,6579,6581,2
0,2002,0,1,6580,6599,19
3,1030,0,1,6579,6600,20
1,2001,0,1,6581,6602,20
3,1030,0,1,6600,6602,2
0,2002,2,1,6600,6602,2
6,1999,1,1,6557,6602,45
3,1030,0,1,6602,6631,29
0,2002,0,1,6631,6631,0
1,2001,2,1,6602,6632,30
3,1030,0,1,6631,6633,1
3,1030,0,1,6633,6634,1
0,2002,0,1,6634,6634,0
1,2001,0,1,6632,6636,3
0,2002,0,1,6636,6636,0
0,2002,2,1,6636,6637,0
6,1999,1,1,6607,6637,29
1,2001,2,1,6636,6688,51
3,1030,0,1,6634,6688,54
0,2002,0,1,6689,6689,0
0,2002,2,1,6689,6689,0
6,1999,1,1,6661,6689,28
1,2001,0,1,6688,6690,2
0,2002,0,1,6730,6730,0
1,2001,0,1,6690,6730,39
0,2002,2,1,6730,6730,0
6,1999,1,1,6702,6730,28
1,2001,2,1,6730,6731,0
0,2002,0,1,6777,6777,0
0,2002,2,1,6777,6777,0
6,1999,1,1,6749,6777,28
1,2001,2,1,6731,6778,47
1,2001,0,1,6778,6793,15
3,1030,2,1,6688,6827,138
1,2001,2,1,6793,6839,46
0,2002,0,1,6840,6840,0
0,2002,2,1,6840,6840,0
6,1999,1,1,6812,6840,28
1,2001,0,1,6839,6842,3
3,1030,2,1,6827,6884,56
1,2001,2,1,6842,6896,53
0,2002,0,1,6897,6897,0
1,2001,0,1,6898,6898,0
3,1030,0,1,6897,6903,5
0,2002,2,1,6897,6903,5
6,1999,1,1,6871,6903,32
1,2001,2,1,6898,6913,15
3,1030,2,1,6903,6913,10
3,1030,2,1,6913,6913,0
0,2002,0,1,6953,6953,0
3,1030,0,1,6913,6953,39
1,2001,2,1,6913,6954,40
1,2001,0,1,6955,6955,0
0,2002,0,1,6956,6956,0
0,2002,2,1,6956,6956,0
6,1999,1,1,6927,6956,28
3,1030,2,1,6953,6975,21
3,1030,2,1,6975,6979,3
1,2001,0,1,6955,6981,26
3,1030,0,1,6979,6982,3
3,1030,0,1,6982,6982,0
3,1030,2,1,6982,6982,0
1,2001,2,1,6982,6982,0
1,2001,0,1,6982,6984,1
0,2002,0,1,6985,6985,0
0,2002,2,1,6985,6995,10
6,1999,1,1,6959,6995,35
1,2001,2,1,6984,7029,44
3,1030,0,1,6982,7029,47
0,2002,0,1,7030,7039,9
1,2001,0,1,7029,7039,10
3,1030,2,1,7029,7040,10
0,2002,2,1,7039,7040,0
6,1999,1,1,7007,7040,33
3,1030,2,1,7040,7040,0
1,2001,2,1,7039,7045,5
0,2002,0,1,7089,7090,0
0,2002,2,1,7090,7090,0
3,1030,2,1,7040,7092,51
3,1030,2,1,7092,7092,0
3,1030,2,1,7092,7093,1
0,2002,2,1,7095,7095,0
6,1999,1,1,7066,7095,29
1,2001,0,1,7045,7098,52
1,2001,2,1,7098,7114,16
1,2001,2,1,7114,7151,36
0,2002,0,1,7150,7151,1
1,2001,0,1,7151,7151,0
0,2002,2,1,7151,7152,0
6,1999,1,1,7118,7152,34
0,2002,0,1,7193,7193,0
0,2002,2,1,7193,7193,0
3,1030,2,1,7093,7194,100
0,2002,2,1,7195,7195,0
3,1030,2,1,7194,7196,1
3,1030,2,1,7196,7197,0
1,2001,2,1,7151,7197,45
0,2002,2,1,7198,7199,1
6,1999,1,1,7167,7199,32
1,2001,0,1,7197,7207,10
1,2001,2,1,7207,7228,20
3,1030,2,1,7197,7228,31
3,1030,2,1,7228,7229,0
3,1030,0,1,7229,7229,0
1,2001,2,1,7228,7231,2
3,1030,0,1,7229,7232,3
3,1030,2,1,7232,7232,0
3,1030,2,1,7232,7232,0
1,2001,2,1,7232,7234,2
3,1030,0,1,7232,7235,2
3,1030,2,1,7235,7235,0
3,1030,2,1,7235,7235,0
1,2001,2,1,7235,7237,2
3,1030,0,1,7235,7238,2
3,1030,2,1,7238,7238,0
3,1030,2,1,7238,7238,0
1,2001,2,1,7238,7241,2
3,1030,2,1,7238,7242,3
3,1030,0,1,7242,7242,0
3,1030,2,1,7242,7242,0
1,2001,2,1,7241,7245,3
3,1030,0,1,7242,7245,3
0,2002,0,1,7246,7246,0
3,1030,0,1,7245,7246,0
3,1030,0,1,7246,7248,2
0,2002,0,1,7248,7249,0
0,2002,2,1,7249,7249,0
6,1999,1,1,7227,7249,21
1,2001,0,1,7245,7249,4
0,2002,0,1,7274,7275,0
3,1030,0,1,7248,7275,26
3,1030,2,1,7275,7277,2
1,2001,2,1,7249,7280,30
0,2002,0,1,7277,7280,2
0,2002,2,1,7280,7280,0
6,1999,1,1,7254,7280,26
1,2001,0,1,7280,7304,23
0,2002,0,1,7332,7332,0
3,1030,0,1,7277,7333,56
0,2002,0,1,7333,7333,0
3,1030,0,1,7333,7334,0
3,1030,0,1,7334,7336,2
0,2002,0,1,7336,7336,0
3,1030,2,1,7336,7343,6
0,2002,0,1,7338,7343,4
0,2002,2,1,7343,7344,0
3,1030,2,1,7343,7344,1
1,2001,0,1,7304,7347,43
0,2002,2,1,7347,7347,0
6,1999,1,1,7309,7347,38
1,2001,2,1,7347,7348,1
1,2001,2,1,7348,7394,46
3,1030,0,1,7344,7395,50
0,2002,0,1,7395,7396,0
1,2001,0,1,7394,7399,4
0,2002,2,1,7396,7399,2
6,1999,1,1,7364,7399,34
3,1030,2,1,7395,7434,39
1,2001,2,1,7399,7437,38
3,1030,2,1,7434,7438,3
1,2001,2,1,7438,7439,1
3,1030,2,1,7438,7439,1
3,1030,0,1,7440,7440,0
3,1030,0,1,7440,7440,0
3,1030,2,1,7440,7440,0
3,1030,2,1,7440,7440,0
1,2001,2,1,7440,7442,2
0,2002,0,1,7443,7455,11
1,2001,0,1,7442,7480,37
0,2002,2,1,7455,7480,24
6,1999,1,1,7416,7480,63
3,1030,2,1,7440,7516,75
1,2001,0,1,7480,7517,37
3,1030,0,1,7516,7518,1
3,1030,2,1,7518,7518,0
3,1030,0,1,7518,7518,0
1,2001,2,1,7518,7538,20
1,2001,0,1,7538,7538,0
0,2002,0,1,7538,7538,0
0,2002,2,1,7539,7539,0
6,1999,1,1,7496,7539,43
3,1030,2,1,7518,7577,58
0,2002,0,1,7579,7580,0
3,1030,2,1,7577,7580,3
0,2002,2,1,7580,7580,0
6,1999,1,1,7545,7580,35
1,2001,2,1,7538,7582,43
1,2001,0,1,7582,7585,2
1,2001,2,1,7585,7606,21
3,1030,0,1,7580,7607,26
1,2001,2,1,7607,7610,2
3,1030,2,1,7610,7610,0
0,2002,0,1,7610,7610,0
3,1030,2,1,7610,7610,0
3,1030,0,1,7610,7610,0
3,1030,0,1,7610,7610,0
0,2002,0,1,7612,7613,0
0,2002,2,1,7613,7628,15
3,1030,2,1,7610,7628,17
3,1030,2,1,7628,7628,0
6,1999,1,1,7588,7628,39
1,2001,0,1,7610,7628,17
1,2001,2,1,7628,7630,2
0,2002,0,1,7676,7676,0
1,2001,2,1,7630,7676,46
0,2002,2,1,7676,7676,0
6,1999,1,1,7653,7677,23
1,2001,0,1,7676,7678,1
1,2001,2,1,7678,7704,26
0,2002,0,1,7705,7705,0
0,2002,2,1,7705,7705,0
6,1999,1,1,7681,7705,24
1,2001,0,1,7704,7706,2
1,2001,2,1,7706,7732,25
0,2002,0,1,7734,7734,0
0,2002,2,1,7734,7734,0
6,1999,1,1,7710,7734,24
1,2001,0,1,7732,7735,2
1,2001,2,1,7735,7761,25
0,2002,0,1,7762,7762,0
0,2002,2,1,7762,7762,0
6,1999,1,1,7738,7762,23
1,2001,0,1,7761,7763,2
1,2001,2,1,7763,7789,25
0,2002,0,1,7790,7790,0
0,2002,2,1,7790,7790,0
6,1999,1,1,7766,7790,24
1,2001,0,1,7789,7792,2
1,2001,2,1,7792,7818,26
0,2002,0,1,7819,7819,0
0,2002,2,1,7819,7819,0
6,1999,1,1,7795,7819,24
1,2001,0,1,7818,7820,2
1,2001,2,1,7820,7847,26
0,2002,0,1,7847,7848,0
0,2002,2,1,7848,7848,0
6,1999,1,1,7824,7848,24
1,2001,0,1,7847,7849,2
1,2001,2,1,7849,7875,26
0,2002,0,1,7876,7876,0
0,2002,2,1,7876,7877,0
6,1999,1,1,7852,7877,24
1,2001,0,1,7875,7878,2
1,2001,2,1,7878,7904,26
3,1030,0,1,7628,7904,276
0,2002,0,1,7905,7905,0
1,2001,0,1,7904,7923,19
0,2002,2,1,7905,7924,18
6,1999,1,1,7881,7924,42
3,1030,2,1,7904,7949,44
3,1030,2,1,7949,7952,2
3,1030,2,1,7952,7955,2
3,1030,2,1,7955,7958,2
1,2001,2,1,7923,7958,34
3,1030,0,1,7958,7959,1
3,1030,2,1,7959,7959,0
1,2001,2,1,7959,7963,3
3,1030,2,1,7959,7963,3
1,2001,0,1,7963,7963,0
3,1030,0,1,7963,7964,0
0,2002,0,1,7964,7964,0
3,1030,2,1,7964,7979,15
0,2002,2,1,7964,7979,15
3,1030,2,1,7979,7979,0
6,1999,1,1,7926,7979,53
1,2001,2,1,7963,7982,18
1,2001,2,1,7982,8015,32
3,1030,0,1,7979,8015,36
0,2002,0,1,8016,8016,0
1,2001,0,1,8015,8016,1
0,2002,2,1,8016,8016,0
6,1999,1,1,7986,8016,29
0,2002,0,1,8049,8049,0
3,1030,0,1,8015,8049,33
1,2001,2,1,8016,8050,33
1,2001,0,1,8050,8051,1
0,2002,0,1,8052,8052,0
0,2002,2,1,8052,8052,0
6,1999,1,1,8024,8052,28
0,2002,0,1,8077,8078,0
3,1030,0,1,8049,8078,28
1,2001,2,1,8051,8079,28
0,2002,0,1,8080,8080,0
1,2001,0,1,8079,8080,1
0,2002,2,1,8080,8080,0
6,1999,1,1,8055,8081,25
1,2001,2,1,8080,8108,27
0,2002,0,1,8109,8109,0
1,2001,0,1,8108,8109,1
0,2002,2,1,8109,8109,0
6,1999,1,1,8084,8109,24
1,2001,2,1,8109,8136,26
0,2002,0,1,8137,8137,0
0,2002,2,1,8137,8137,0
1,2001,0,1,8136,8137,1
6,1999,1,1,8113,8137,24
1,2001,2,1,8137,8188,51
0,2002,0,1,8188,8189,0
1,2001,0,1,8188,8189,0
0,2002,2,1,8189,8189,0
6,1999,1,1,8164,8189,24
1,2001,2,1,8189,8218,28
0,2002,0,1,8218,8218,0
0,2002,2,1,8218,8218,0
1,2001,0,1,8218,8218,0
6,1999,1,1,8193,8218,25
0,2002,0,1,8247,8247,0
1,2001,0,1,8218,8247,28
0,2002,2,1,8247,8247,0
6,1999,1,1,8223,8247,24
1,2001,2,1,8247,8248,0
1,2001,2,1,8248,8276,27
0,2002,0,1,8275,8276,0
1,2001,0,1,8276,8276,0
0,2002,2,1,8276,8276,0
6,1999,1,1,8252,8276,24
1,2001,2,1,8276,8305,28
0,2002,0,1,8304,8305,0
0,2002,2,1,8305,8305,0
1,2001,0,1,8305,8305,0
6,1999,1,1,8280,8305,24
0,2002,0,1,8333,8333,0
1,2001,0,1,8305,8333,28
0,2002,2,1,8333,8333,0
6,1999,1,1,8308,8333,24
1,2001,2,1,8333,8334,0
0,2002,0,1,8364,8364,0
0,2002,2,1,8364,8365,0
1,2001,0,1,8334,8365,30
6,1999,1,1,8340,8365,24
1,2001,2,1,8365,8365,0
0,2002,0,1,8393,8393,0
0,2002,2,1,8393,8393,0
6,1999,1,1,8370,8393,23
1,2001,2,1,8365,8393,28
1,2001,0,1,8393,8394,0
0,2002,0,1,8422,8423,0
1,2001,0,1,8394,8423,29
0,2002,2,1,8423,8423,0
1,2001,2,1,8423,8423,0
6,1999,1,1,8398,8423,24
0,2002,0,1,8453,8453,0
0,2002,2,1,8453,8454,0
6,1999,1,1,8429,8454,24
1,2001,0,1,8423,8454,30
1,2001,2,1,8454,8454,0
0,2002,0,1,8484,8484,0
0,2002,2,1,8484,8484,0
6,1999,1,1,8460,8484,24
1,2001,0,1,8455,8484,29
1,2001,2,1,8484,8484,0
3,1030,0,1,8078,8514,436
0,2002,0,1,8514,8514,0
1,2001,2,1,8484,8514,29
3,1030,0,1,8514,8516,1
1,2001,0,1,8515,8521,6
0,2002,0,1,8516,8531,15
0,2002,2,1,8531,8532,0
6,1999,1,1,8490,8532,41
1,2001,2,1,8521,8592,70
1,2001,0,1,8603,8603,0
3,1030,0,1,8519,8604,84
0,2002,0,1,8603,8604,0
3,1030,2,1,8604,8606,2
1,2001,2,1,8603,8631,27
3,1030,2,1,8606,8631,25
0,2002,2,1,8604,8631,27
6,1999,1,1,8567,8631,64
3,1030,2,1,8631,8710,78
3,1030,2,1,8710,8714,3
3,1030,2,1,8714,8715,0
0,2002,0,1,8716,8716,0
3,1030,2,1,8715,8719,4
0,2002,2,1,8716,8720,3
6,1999,1,1,8680,8720,39
1,2001,2,1,8631,8736,104
1,2001,0,1,8736,8736,0
0,2002,0,1,8782,8783,0
3,1030,0,1,8719,8783,63
0,2002,0,1,8785,8785,0
3,1030,0,1,8783,8785,2
0,2002,0,1,8787,8787,0
0,2002,2,1,8787,8788,0
3,1030,2,1,8785,8789,3
0,2002,2,1,8791,8791,0
6,1999,1,1,8758,8791,32
1,2001,0,1,8736,8794,58
1,2001,2,1,8794,8795,0
1,2001,2,1,8795,8844,49
3,1030,0,1,8789,8851,62
3,1030,2,1,8851,8851,0
0,2002,0,1,8851,8851,0
3,1030,2,1,8851,8851,0
1,2001,2,1,8844,8859,14
0,2002,2,1,8851,8875,23
6,1999,1,1,8820,8875,55
1,2001,0,1,8859,8887,28
1,2001,2,1,8887,8967,79
3,1030,0,1,8851,8967,116
3,1030,2,1,8967,8968,0
1,2001,0,1,8967,8971,3
3,1030,0,1,8968,8971,3
3,1030,0,1,8971,8971,0
3,1030,2,1,8971,8971,0
3,1030,2,1,8971,8972,0
0,2002,0,1,8973,8973,0
0,2002,2,1,8973,8973,0
6,1999,1,1,8936,8973,37
1,2001,0,1,8971,8974,2
1,2001,2,1,8974,8975,0
0,2002,0,1,9010,9010,0
3,1030,0,1,8972,9010,38
3,1030,2,1,9010,9011,0
0,2002,0,1,9013,9013,0
0,2002,2,1,9013,9014,0
6,1999,1,1,8980,9014,34
1,2001,2,1,8975,9023,48
1,2001,0,1,9023,9023,0
1,2001,2,1,9023,9073,50
3,1030,0,1,9011,9074,62
3,1030,2,1,9074,9076,1
3,1030,2,1,9076,9076,0
1,2001,2,1,9074,9079,4
3,1030,0,1,9076,9079,2
0,2002,0,1,9076,9079,2
1,2001,0,1,9079,9079,0
0,2002,0,1,9081,9084,3
0,2002,2,1,9084,9084,0
6,1999,1,1,9047,9084,36
1,2001,2,1,9079,9113,33
3,1030,0,1,9079,9114,35
3,1030,2,1,9114,9114,0
3,1030,2,1,9114,9114,0
3,1030,0,1,9114,9119,5
1,2001,0,1,9114,9120,5
1,2001,2,1,9120,9120,0
0,2002,0,1,9116,9120,3
0,2002,0,1,9123,9123,0
0,2002,2,1,9123,9123,0
6,1999,1,1,9088,9123,35
1,2001,2,1,9120,9165,44
0,2002,0,1,9158,9165,6
0,2002,2,1,9165,9165,0
6,1999,1,1,9127,9165,37
3,1030,2,1,9119,9165,45
1,2001,0,1,9165,9168,3
0,2002,0,1,9239,9239,0
3,1030,0,1,9165,9239,73
3,1030,0,1,9239,9243,4
0,2002,0,1,9243,9243,0
0,2002,0,1,9246,9247,0
0,2002,2,1,9247,9247,0
3,1030,2,1,9243,9248,4
3,1030,2,1,9248,9249,1
0,2002,2,1,9250,9250,0
3,1030,2,1,9249,9251,1
3,1030,2,1,9251,9253,2
1,2001,2,1,9168,9253,85
0,2002,2,1,9253,9253,0
6,1999,1,1,9208,9253,45
1,2001,0,1,9253,9256,2
1,2001,0,1,9256,9290,34
3,1030,0,1,9253,9290,37
3,1030,0,1,9290,9290,0
0,2002,0,1,9298,9298,0
1,2001,0,1,9290,9298,8
3,1030,2,1,9290,9298,7
0,2002,2,1,9298,9298,0
1,2001,2,1,9298,9298,0
6,1999,1,1,9260,9298,38
1,2001,2,1,9298,9318,19
3,1030,0,1,9298,9318,19
3,1030,2,1,9318,9331,13
3,1030,2,1,9331,9332,0
1,2001,2,1,9318,9335,16
0,2002,0,1,9335,9335,0
3,1030,0,1,9332,9335,3
1,2001,0,1,9336,9336,0
0,2002,2,1,9335,9336,0
6,1999,1,1,9302,9336,33
3,1030,2,1,9336,9336,0
3,1030,2,1,9336,9336,0
1,2001,2,1,9336,9338,2
1,2001,2,1,9338,9387,48
3,1030,2,1,9336,9388,51
3,1030,2,1,9388,9388,0
3,1030,0,1,9388,9388,0
1,2001,2,1,9388,9389,1
3,1030,2,1,9388,9390,2
3,1030,0,1,9390,9390,0
3,1030,2,1,9390,9390,0
1,2001,2,1,9390,9393,3
0,2002,0,1,9395,9395,0
3,1030,0,1,9390,9395,4
1,2001,0,1,9393,9396,2
0,2002,0,1,9398,9398,0
0,2002,2,1,9399,9399,0
6,1999,1,1,9366,9399,32
1,2001,2,1,9396,9465,68
3,1030,0,1,9395,9465,70
3,1030,2,1,9465,9466,0
3,1030,2,1,9466,9466,0
1,2001,2,1,9465,9468,2
0,2002,0,1,9469,9476,6
1,2001,0,1,9468,9476,8
0,2002,2,1,9476,9476,0
6,1999,1,1,9440,9476,36
1,2001,2,1,9476,9506,30
1,2001,0,1,9506,9509,2
0,2002,0,1,9508,9509,0
0,2002,2,1,9509,9509,0
6,1999,1,1,9479,9509,30
1,2001,0,1,9509,9539,30
1,2001,2,1,9539,9540,0
0,2002,0,1,9542,9542,0
0,2002,2,1,9542,9543,0
6,1999,1,1,9512,9543,30
3,1030,2,1,9466,9570,104
1,2001,2,1,9540,9572,31
1,2001,0,1,9572,9572,0
0,2002,0,1,9575,9575,0
0,2002,2,1,9575,9576,0
6,1999,1,1,9545,9576,30
0,2002,0,1,9626,9626,0
3,1030,0,1,9570,9626,56
1,2001,2,1,9572,9628,55
3,1030,2,1,9626,9628,1
1,2001,0,1,9628,9638,10
0,2002,0,1,9629,9638,9
0,2002,2,1,9638,9639,0
6,1999,1,1,9596,9650,53
1,2001,2,1,9638,9702,63
0,2002,0,1,9689,9702,13
1,2001,0,1,9702,9703,0
0,2002,2,1,9702,9703,0
6,1999,1,1,9657,9703,46
1,2001,2,1,9703,9733,30
3,1030,0,1,9628,9734,106
0,2002,0,1,9739,9739,0
3,1030,2,1,9734,9739,4
3,1030,2,1,9739,9739,0
3,1030,0,1,9739,9740,0
0,2002,0,1,9742,9742,0
0,2002,2,1,9742,9742,0
6,1999,1,1,9715,9742,27
1,2001,0,1,9739,9755,15
1,2001,2,1,9755,9755,0
1,2001,2,1,9755,9801,45
3,1030,0,1,9740,9801,61
3,1030,2,1,9801,9802,0
3,1030,2,1,9802,9802,0
1,2001,2,1,9801,9804,2
1,2001,0,1,9804,9805,1
0,2002,0,1,9805,9809,3
0,2002,2,1,9809,9809,0
6,1999,1,1,9780,9809,29
1,2001,2,1,9805,9834,29
0,2002,0,1,9835,9835,0
0,2002,2,1,9835,9835,0
6,1999,1,1,9812,9835,22
1,2001,0,1,9843,9843,0
3,1030,0,1,9802,9843,41
3,1030,2,1,9843,9844,0
3,1030,2,1,9844,9844,0
1,2001,2,1,9843,9846,2
0,2002,0,1,9872,9872,0
3,1030,0,1,9844,9872,28
1,2001,0,1,9846,9874,28
0,2002,0,1,9874,9875,0
1,2001,2,1,9874,9875,0
0,2002,2,1,9875,9875,0
6,1999,1,1,9849,9875,25
3,1030,2,1,9872,9902,29
1,2001,2,1,9875,9902,27
0,2002,0,1,9903,9903,0
0,2002,2,1,9903,9903,0
6,1999,1,1,9878,9904,25
1,2001,0,1,9902,9905,2
1,2001,2,1,9905,9939,34
0,2002,0,1,9941,9941,0
0,2002,2,1,9941,9942,0
1,2001,0,1,9940,9942,2
6,1999,1,1,9917,9942,24
1,2001,2,1,9942,9967,25
0,2002,0,1,9969,9969,0
0,2002,2,1,9969,9970,0
6,1999,1,1,9945,9970,24
1,2001,0,1,9967,9970,2
1,2001,2,1,9970,9996,25
0,2002,0,1,9997,9998,0
1,2001,0,1,9996,9998,2
0,2002,2,1,9998,9998,0
6,1999,1,1,9973,9998,25
1,2001,2,1,9998,10024,25
3,1030,0,1,9902,10024,122
0,2002,0,1,10024,10024,0
0,2002,2,1,10025,10025,0
3,1030,2,1,10024,10025,0
6,1999,1,1,10002,10025,22
3,1030,2,1,10025,10025,0
1,2001,0,1,10025,10026,1
1,2001,2,1,10030,10030,0
3,1030,0,1,10025,10056,30
0,2002,0,1,10056,10056,0
3,1030,2,1,10056,10057,1
1,2001,2,1,10031,10058,27
0,2002,0,1,10058,10058,0
0,2002,2,1,10058,10058,0
6,1999,1,1,10034,10058,24
1,2001,0,1,10058,10060,1
1,2001,2,1,10060,10093,33
3,1030,0,1,10057,10094,37
3,1030,2,1,10095,10095,0
1,2001,0,1,10094,10095,1
3,1030,2,1,10095,10095,0
0,2002,0,1,10094,10095,1
1,2001,2,1,10095,10109,14
0,2002,2,1,10095,10109,14
6,1999,1,1,10072,10110,38
1,2001,0,1,10109,10152,42
1,2001,2,1,10152,10153,0
0,2002,0,1,10153,10153,0
0,2002,2,1,10153,10153,0
6,1999,1,1,10131,10154,22
0,2002,0,1,10177,10177,0
1,2001,0,1,10153,10181,28
1,2001,2,1,10181,10181,0
3,1030,0,1,10095,10181,85
0,2002,0,1,10183,10183,0
0,2002,2,1,10183,10184,0
6,1999,1,1,10156,10184,27
1,2001,2,1,10181,10210,28
3,1030,2,1,10181,10210,29
0,2002,0,1,10210,10211,0
0,2002,2,1,10211,10211,0
6,1999,1,1,10187,10211,24
1,2001,0,1,10210,10213,3
0,2002,0,1,10241,10241,0
3,1030,2,1,10210,10241,31
0,2002,2,1,10241,10242,0
3,1030,2,1,10242,10243,1
3,1030,2,1,10244,10245,1
0,2002,2,1,10245,10245,0
6,1999,1,1,10216,10245,29
1,2001,0,1,10213,10247,34
1,2001,2,1,10247,10248,0
0,2002,0,1,10277,10277,0
3,1030,0,1,10245,10277,32
1,2001,0,1,10248,10277,29
1,2001,2,1,10277,10277,0
0,2002,0,1,10293,10295,2
0,2002,2,1,10295,10296,0
6,1999,1,1,10251,10296,44
1,2001,2,1,10277,10320,42
3,1030,0,1,10277,10320,43
3,1030,2,1,10320,10321,0
1,2001,0,1,10320,10328,7
3,1030,0,1,10321,10328,7
1,2001,0,1,10328,10330,2
3,1030,2,1,10330,10330,0
3,1030,0,1,10330,10330,0
3,1030,0,1,10330,10331,0
3,1030,0,1,10331,10331,0
3,1030,2,1,10331,10331,0
1,2001,0,1,10330,10333,2
1,2001,0,1,10333,10336,3
3,1030,2,1,10331,10333,2
3,1030,0,1,10336,10336,0
3,1030,2,1,10336,10336,0
3,1030,0,1,10336,10336,0
3,1030,0,1,10336,10340,3
3,1030,0,1,10340,10340,0
3,1030,2,1,10340,10340,0
1,2001,0,1,10336,10340,3
1,2001,2,1,10340,10340,0
3,1030,0,1,10340,10343,3
3,1030,0,1,10343,10343,0
3,1030,2,1,10343,10343,0
1,2001,0,1,10340,10343,3
0,2002,0,1,10343,10343,0
0,2002,2,1,10343,10344,0
6,1999,1,1,10298,10344,45
0,2002,0,1,10363,10364,0
3,1030,0,1,10343,10364,20
0,2002,0,1,10367,10367,0
3,1030,0,1,10364,10367,3
0,2002,0,1,10370,10370,0
3,1030,0,1,10367,10370,2
3,1030,0,1,10370,10373,3
0,2002,0,1,10373,10373,0
1,2001,2,1,10343,10376,32
1,2001,0,1,10376,10376,0
0,2002,0,1,10376,10376,0
0,2002,2,1,10376,10376,0
6,1999,1,1,10346,10376,30
0,2002,0,1,10411,10411,0
3,1030,0,1,10373,10411,38
3,1030,2,1,10411,10412,0
0,2002,0,1,10413,10413,0
0,2002,2,1,10413,10414,0
6,1999,1,1,10384,10414,29
1,2001,2,1,10376,10414,37
1,2001,0,1,10414,10416,2
1,2001,2,1,10416,10452,35
3,1030,0,1,10413,10452,39
3,1030,2,1,10452,10453,0
0,2002,0,1,10458,10458,0
0,2002,2,1,10458,10458,0
6,1999,1,1,10428,10458,29
1,2001,0,1,10452,10459,6
3,1030,2,1,10453,10463,10
1,2001,2,1,10459,10466,7
0,2002,0,1,10497,10497,0
3,1030,0,1,10463,10497,33
1,2001,0,1,10466,10498,31
1,2001,2,1,10498,10499,1
0,2002,0,1,10510,10511,1
0,2002,2,1,10511,10511,0
6,1999,1,1,10470,10511,41
3,1030,2,1,10497,10556,58
0,2002,0,1,10556,10556,0
1,2001,2,1,10500,10558,58
0,2002,2,1,10556,10558,2
6,1999,1,1,10523,10558,35
1,2001,0,1,10558,10563,5
3,1030,0,1,10556,10609,53
0,2002,0,1,10609,10609,0
1,2001,2,1,10563,10612,48
3,1030,0,1,10609,10613,3
1,2001,0,1,10612,10613,1
0,2002,0,1,10613,10613,0
0,2002,2,1,10613,10613,0
6,1999,1,1,10579,10613,34
1,2001,2,1,10613,10668,55
3,1030,0,1,10613,10669,56
3,1030,2,1,10669,10669,0
3,1030,2,1,10669,10669,0
1,2001,0,1,10669,10671,2
1,2001,2,1,10671,10673,1
0,2002,0,1,10674,10674,0
0,2002,2,1,10674,10675,0
6,1999,1,1,10641,10675,33
1,2001,2,1,10673,10705,31
3,1030,0,1,10669,10706,36
1,2001,0,1,10705,10706,1
0,2002,0,1,10708,10708,0
0,2002,2,1,10708,10709,0
6,1999,1,1,10678,10709,31
1,2001,0,1,10706,10740,34
3,1030,0,1,10706,10741,34
1,2001,2,1,10741,10741,0
1,2001,0,1,10742,10743,1
3,1030,0,1,10741,10743,2
3,1030,2,1,10743,10743,0
3,1030,0,1,10743,10744,0
3,1030,2,1,10744,10744,0
1,2001,0,1,10743,10746,3
3,1030,0,1,10744,10746,2
3,1030,0,1,10746,10747,0
3,1030,2,1,10747,10747,0
1,2001,2,1,10747,10747,0
3,1030,0,1,10747,10747,0
3,1030,2,1,10747,10747,0
3,1030,2,1,10747,10748,0
3,1030,0,1,10748,10748,0
0,2002,0,1,10748,10748,0
3,1030,0,1,10748,10748,0
3,1030,2,1,10748,10748,0
0,2002,2,1,10748,10748,0
6,1999,1,1,10712,10748,35
3,1030,2,1,10748,10748,0
1,2001,0,1,10748,10749,1
1,2001,2,1,10752,10752,0
3,1030,0,1,10748,10788,39
0,2002,0,1,10788,10788,0
1,2001,0,1,10752,10798,45
1,2001,2,1,10798,10800,2
0,2002,0,1,10803,10804,0
0,2002,2,1,10804,10815,10
6,1999,1,1,10767,10815,47
3,1030,0,1,10788,10841,52
0,2002,0,1,10841,10841,0
3,1030,0,1,10841,10843,2
0,2002,0,1,10843,10843,0
3,1030,0,1,10843,10845,2
0,2002,0,1,10845,10845,0
3,1030,0,1,10845,10847,1
0,2002,0,1,10846,10847,0
3,1030,0,1,10847,10849,2
0,2002,0,1,10849,10849,0
0,2002,0,1,10851,10852,0
0,2002,2,1,10852,10852,0
3,1030,2,1,10849,10852,3
1,2001,2,1,10800,10871,71
1,2001,0,1,10872,10872,0
0,2002,2,1,10854,10872,17
6,1999,1,1,10824,10872,47
3,1030,2,1,10852,10919,66
1,2001,2,1,10872,10923,51
3,1030,2,1,10919,10923,4
0,2002,0,1,10924,10924,0
0,2002,2,1,10924,10924,0
6,1999,1,1,10897,10924,27
1,2001,0,1,10923,10935,12
1,2001,0,1,10935,10962,26
3,1030,0,1,10923,10962,38
3,1030,2,1,10962,10962,0
3,1030,0,1,10962,10962,0
1,2001,2,1,10962,10964,2
1,2001,0,1,10964,10964,0
0,2002,0,1,10964,10964,0
0,2002,2,1,10964,10964,0
6,1999,1,1,10938,10964,25
1,2001,0,1,10964,10993,28
1,2001,2,1,10993,10994,1
0,2002,0,1,10994,10994,0
0,2002,2,1,10994,10994,0
6,1999,1,1,10968,10995,26
1,2001,0,1,10994,11023,29
0,2002,0,1,11024,11024,0
1,2001,2,1,11023,11025,1
0,2002,2,1,11024,11025,0
6,1999,1,1,10998,11025,26
1,2001,0,1,11025,11055,30
0,2002,0,1,11055,11055,0
1,2001,2,1,11055,11055,0
0,2002,2,1,11055,11056,0
6,1999,1,1,11029,11056,26
1,2001,0,1,11056,11085,29
1,2001,2,1,11085,11085,0
0,2002,0,1,11085,11085,0
0,2002,2,1,11085,11086,0
6,1999,1,1,11060,11086,26
1,2001,0,1,11085,11115,29
1,2001,2,1,11115,11117,1
0,2002,0,1,11116,11117,0
0,2002,2,1,11117,11117,0
6,1999,1,1,11091,11117,26
1,2001,0,1,11117,11147,29
0,2002,0,1,11146,11147,0
0,2002,2,1,11147,11147,0
6,1999,1,1,11121,11147,26
1,2001,2,1,11147,11147,0
0,2002,0,1,11176,11176,0
0,2002,2,1,11176,11176,0
6,1999,1,1,11151,11176,25
1,2001,0,1,11147,11177,29
1,2001,2,1,11177,11177,0
1,2001,2,1,11177,11204,26
3,1030,0,1,10962,11205,242
0,2002,0,1,11205,11205,0
3,1030,0,1,11205,11205,0
3,1030,2,1,11205,11205,0
1,2001,0,1,11205,11205,0
0,2002,0,1,11207,11207,0
3,1030,2,1,11205,11207,2
1,2001,2,1,11205,11207,2
0,2002,2,1,11208,11208,0
6,1999,1,1,11182,11208,26
1,2001,0,1,11208,11235,26
3,1030,0,1,11207,11235,27
3,1030,2,1,11235,11235,0
3,1030,0,1,11235,11235,0
1,2001,2,1,11235,11235,0
1,2001,0,1,11235,11237,1
0,2002,0,1,11239,11239,0
0,2002,2,1,11239,11240,0
6,1999,1,1,11212,11240,27
3,1030,0,1,11235,11281,45
0,2002,0,1,11281,11281,0
1,2001,0,1,11237,11282,44
0,2002,0,1,11283,11283,0
0,2002,2,1,11283,11283,0
1,2001,2,1,11282,11286,4
6,1999,1,1,11259,11286,27
3,1030,2,1,11281,11314,33
0,2002,0,1,11315,11315,0
0,2002,2,1,11315,11315,0
3,1030,2,1,11314,11315,1
3,1030,2,1,11316,11317,1
0,2002,2,1,11318,11318,0
3,1030,2,1,11317,11318,0
1,2001,0,1,11286,11321,34
1,2001,2,1,11321,11321,0
0,2002,2,1,11321,11321,0
6,1999,1,1,11290,11321,31
1,2001,2,1,11321,11348,27
3,1030,2,1,11318,11349,30
3,1030,0,1,11349,11349,0
3,1030,2,1,11349,11349,0
0,2002,0,1,11351,11351,0
1,2001,0,1,11349,11351,1
0,2002,2,1,11351,11351,0
6,1999,1,1,11323,11351,27
1,2001,2,1,11351,11366,15
1,2001,2,1,11366,11388,22
3,1030,0,1,11349,11389,40
3,1030,2,1,11389,11389,0
3,1030,2,1,11389,11390,0
3,1030,0,1,11390,11397,6
0,2002,0,1,11396,11397,0
1,2001,2,1,11389,11397,7
0,2002,0,1,11399,11399,0
3,1030,0,1,11397,11399,2
0,2002,0,1,11402,11402,0
3,1030,0,1,11399,11402,3
3,1030,0,1,11402,11403,0
0,2002,0,1,11404,11404,0
0,2002,2,1,11404,11404,0
6,1999,1,1,11372,11404,32
1,2001,0,1,11402,11406,3
1,2001,2,1,11406,11429,23
3,1030,0,1,11403,11430,27
3,1030,2,1,11430,11430,0
3,1030,2,1,11430,11431,1
1,2001,2,1,11430,11432,1
3,1030,0,1,11431,11432,1
3,1030,2,1,11432,11435,2
3,1030,2,1,11435,11435,0
1,2001,2,1,11432,11436,3
3,1030,0,1,11435,11436,0
3,1030,2,1,11436,11437,0
3,1030,2,1,11437,11437,0
1,2001,2,1,11436,11438,1
3,1030,0,1,11437,11438,1
3,1030,2,1,11438,11439,0
3,1030,2,1,11439,11439,0
1,2001,2,1,11438,11441,2
3,1030,0,1,11439,11442,2
3,1030,2,1,11442,11443,0
3,1030,2,1,11443,11443,0
0,2002,0,1,11445,11445,0
3,1030,0,1,11443,11445,2
1,2001,0,1,11442,11445,3
1,2001,2,1,11445,11445,0
0,2002,0,1,11448,11448,0
0,2002,2,1,11448,11448,0
6,1999,1,1,11409,11448,39
3,1030,2,1,11445,11499,53
3,1030,2,1,11499,11502,2
3,1030,2,1,11502,11505,3
0,2002,0,1,11508,11508,0
1,2001,2,1,11445,11514,68
0,2002,2,1,11508,11514,5
3,1030,2,1,11505,11514,9
1,2001,0,1,11514,11514,0
6,1999,1,1,11483,11514,30
1,2001,2,1,11515,11559,44
0,2002,0,1,11559,11560,0
3,1030,0,1,11514,11560,45
1,2001,0,1,11559,11563,3
3,1030,0,1,11560,11563,2
0,2002,0,1,11562,11563,0
0,2002,2,1,11563,11563,0
6,1999,1,1,11528,11563,35
3,1030,2,1,11563,11596,33
0,2002,0,1,11598,11608,9
1,2001,2,1,11563,11608,45
0,2002,2,1,11608,11608,0
6,1999,1,1,11572,11608,35
1,2001,0,1,11608,11624,15
1,2001,2,1,11624,11658,34
3,1030,2,1,11596,11660,63
3,1030,0,1,11660,11660,0
3,1030,2,1,11660,11660,0
0,2002,0,1,11661,11663,1
0,2002,2,1,11663,11663,0
6,1999,1,1,11638,11663,25
1,2001,0,1,11659,11663,3
1,2001,2,1,11663,11663,0
3,1030,2,1,11660,11698,38
1,2001,0,1,11663,11719,56
1,2001,2,1,11719,11719,0
0,2002,0,1,11719,11720,0
0,2002,2,1,11720,11735,15
6,1999,1,1,11680,11736,55
3,1030,2,1,11698,11783,84
0,2002,0,1,11785,11785,0
3,1030,2,1,11783,11786,2
1,2001,2,1,11719,11788,68
0,2002,2,1,11785,11788,2
6,1999,1,1,11760,11788,28
1,2001,0,1,11788,11789,1
1,2001,2,1,11789,11819,29
0,2002,0,1,11819,11831,12
1,2001,0,1,11819,11832,12
0,2002,2,1,11831,11832,0
6,1999,1,1,11795,11832,37
1,2001,2,1,11832,11861,28
3,1030,0,1,11786,11861,75
3,1030,0,1,11861,11861,0
0,2002,0,1,11861,11861,0
3,1030,2,1,11861,11862,0
0,2002,0,1,11863,11864,0
3,1030,2,1,11862,11864,1
0,2002,2,1,11864,11864,0
6,1999,1,1,11840,11864,24
1,2001,2,1,11861,11864,2
1,2001,0,1,11864,11866,2
1,2001,2,1,11866,11889,23
3,1030,2,1,11864,11890,26
3,1030,2,1,11891,11891,0
1,2001,2,1,11890,11892,2
3,1030,0,1,11891,11892,1
0,2002,0,1,11891,11908,16
1,2001,0,1,11892,11908,15
0,2002,2,1,11908,11908,0
6,1999,1,1,11871,11915,44
3,1030,0,1,11892,11951,58
1,2001,2,1,11908,11951,43
0,2002,0,1,11947,11951,4
1,2001,0,1,11951,11951,0
0,2002,0,1,11953,11953,0
0,2002,2,1,11953,11967,14
6,1999,1,1,11927,11967,40
1,2001,2,1,11951,11998,46
3,1030,2,1,11951,11999,47
3,1030,0,1,11999,11999,0
3,1030,2,1,11999,11999,0
1,2001,2,1,11999,12000,1
3,1030,0,1,11999,12001,2
3,1030,2,1,12001,12012,10
1,2001,0,1,12001,12012,10
3,1030,2,1,12012,12012,0
0,2002,0,1,12012,12013,0
0,2002,2,1,12013,12013,0
6,1999,1,1,11978,12013,35
1,2001,2,1,12012,12014,2
1,2001,2,1,12014,12064,49
1,2001,0,1,12064,12065,1
0,2002,0,1,12065,12066,0
0,2002,2,1,12066,12066,0
6,1999,1,1,12039,12066,26
1,2001,2,1,12066,12121,55
0,2002,0,1,12112,12136,24
1,2001,0,1,12121,12145,23
0,2002,2,1,12136,12145,8
6,1999,1,1,12094,12145,50
1,2001,2,1,12145,12176,31
1,2001,0,1,12176,12177,0
3,1030,0,1,12012,12177,164
3,1030,2,1,12177,12178,0
3,1030,2,1,12178,12178,0
3,1030,2,1,12178,12178,0
3,1030,0,1,12178,12179,1
3,1030,0,1,12179,12179,0
1,2001,2,1,12177,12180,2
1,2001,0,1,12180,12182,1
0,2002,0,1,12181,12182,0
0,2002,2,1,12182,12182,0
6,1999,1,1,12151,12182,31
0,2002,0,1,12216,12216,0
3,1030,0,1,12179,12216,36
3,1030,2,1,12216,12217,1
0,2002,0,1,12219,12219,0
0,2002,2,1,12219,12219,0
3,1030,2,1,12218,12220,2
3,1030,2,1,12220,12221,1
0,2002,2,1,12223,12223,0
6,1999,1,1,12191,12223,31
1,2001,2,1,12182,12226,44
1,2001,0,1,12226,12230,4
3,1030,0,1,12221,12260,38
0,2002,0,1,12260,12260,0
3,1030,2,1,12260,12262,2
0,2002,0,1,12263,12263,0
0,2002,2,1,12263,12263,0
3,1030,2,1,12262,12264,1
1,2001,0,1,12230,12265,34
0,2002,2,1,12266,12266,0
1,2001,2,1,12265,12268,2
6,1999,1,1,12235,12268,32
3,1030,0,1,12264,12314,49
0,2002,0,1,12313,12314,0
3,1030,0,1,12314,12316,2
0,2002,0,1,12316,12316,0
0,2002,0,1,12318,12318,0
0,2002,2,1,12318,12324,5
6,1999,1,1,12291,12324,32
1,2001,0,1,12268,12324,56
1,2001,2,1,12324,12340,16
1,2001,2,1,12340,12385,45
3,1030,0,1,12316,12386,70
3,1030,2,1,12387,12387,0
0,2002,0,1,12387,12387,0
3,1030,2,1,12387,12387,0
0,2002,2,1,12387,12388,0
6,1999,1,1,12363,12388,24
1,2001,2,1,12386,12401,14
1,2001,0,1,12401,12401,0
0,2002,0,1,12428,12428,0
0,2002,2,1,12428,12443,15
1,2001,0,1,12401,12444,42
1,2001,2,1,12444,12444,0
6,1999,1,1,12405,12444,38
0,2002,0,1,12493,12493,0
0,2002,2,1,12493,12494,0
3,1030,2,1,12387,12494,107
1,2001,2,1,12444,12514,70
0,2002,2,1,12497,12514,17
6,1999,1,1,12470,12514,44
1,2001,0,1,12514,12514,0
1,2001,2,1,12514,12565,51
3,1030,0,1,12494,12566,71
3,1030,2,1,12566,12566,0
0,2002,0,1,12569,12569,0
0,2002,2,1,12569,12583,14
6,1999,1,1,12544,12583,39
1,2001,0,1,12566,12583,17
3,1030,2,1,12566,12584,17
1,2001,2,1,12583,12587,3
1,2001,2,1,12587,12633,46
3,1030,2,1,12584,12634,50
0,2002,0,1,12635,12635,0
3,1030,0,1,12634,12635,0
3,1030,2,1,12635,12635,0
3,1030,2,1,12635,12635,0
0,2002,2,1,12635,12635,0
6,1999,1,1,12591,12635,44
1,2001,0,1,12635,12638,3
1,2001,2,1,12638,12643,4
3,1030,2,1,12635,12688,52
1,2001,2,1,12643,12689,46
1,2001,0,1,12689,12691,1
0,2002,0,1,12691,12691,0
0,2002,2,1,12691,12691,0
6,1999,1,1,12658,12691,32
1,2001,2,1,12691,12717,25
3,1030,0,1,12688,12717,29
3,1030,0,1,12717,12727,9
0,2002,0,1,12718,12727,9
1,2001,0,1,12717,12728,10
0,2002,0,1,12730,12730,0
0,2002,2,1,12730,12747,16
3,1030,2,1,12727,12747,19
6,1999,1,1,12695,12759,64
3,1030,2,1,12747,12759,12
1,2001,2,1,12728,12759,31
0,2002,0,1,12822,12822,0
3,1030,0,1,12759,12822,62
1,2001,0,1,12759,12843,83
1,2001,2,1,12843,12843,0
3,1030,2,1,12822,12843,21
0,2002,0,1,12825,12843,18
0,2002,2,1,12843,12844,0
6,1999,1,1,12800,12844,43
1,2001,2,1,12843,12881,37
0,2002,0,1,12881,12881,0
0,2002,2,1,12881,12882,0
6,1999,1,1,12855,12882,27
1,2001,0,1,12881,12883,2
1,2001,2,1,12883,12912,29
0,2002,0,1,12914,12914,0
1,2001,0,1,12928,12928,0
0,2002,2,1,12914,12928,13
6,1999,1,1,12890,12928,37
3,1030,0,1,12843,12928,84
3,1030,2,1,12928,12928,0
3,1030,2,1,12928,12928,0
1,2001,2,1,12928,12932,4
0,2002,0,1,12960,12960,0
0,2002,2,1,12960,12960,0
6,1999,1,1,12936,12960,24
1,2001,2,1,12932,12961,28
1,2001,0,1,12961,12973,12
1,2001,2,1,12973,13016,42
3,1030,0,1,12928,13027,99
3,1030,2,1,13027,13027,0
3,1030,2,1,13027,13027,0
1,2001,2,1,13017,13029,11
0,2002,0,1,13028,13029,0
3,1030,0,1,13027,13029,1
0,2002,0,1,13031,13044,13
0,2002,2,1,13044,13045,0
6,1999,1,1,13007,13045,37
1,2001,0,1,13029,13059,30
3,1030,0,1,13029,13100,70
0,2002,0,1,13099,13100,0
3,1030,2,1,13100,13102,2
0,2002,0,1,13102,13103,0
0,2002,2,1,13103,13103,0
6,1999,1,1,13075,13103,27
1,2001,2,1,13059,13104,44
1,2001,0,1,13104,13114,10
0,2002,0,1,13154,13163,9
1,2001,2,1,13114,13163,49
0,2002,2,1,13163,13164,0
1,2001,0,1,13164,13164,0
6,1999,1,1,13128,13164,35
1,2001,2,1,13164,13207,43
1,2001,0,1,13207,13210,2
3,1030,0,1,13102,13211,109
0,2002,0,1,13209,13211,2
0,2002,2,1,13211,13211,0
6,1999,1,1,13183,13211,28
0,2002,0,1,13242,13242,0
1,2001,0,1,13210,13242,32
0,2002,2,1,13242,13242,0
6,1999,1,1,13216,13242,26
1,2001,2,1,13242,13243,0
0,2002,0,1,13286,13287,0
3,1030,2,1,13211,13287,75
0,2002,2,1,13287,13287,0
3,1030,2,1,13287,13288,0
0,2002,2,1,13289,13290,0
3,1030,2,1,13288,13293,4
1,2001,0,1,13243,13293,49
1,2001,2,1,13293,13294,0
0,2002,2,1,13296,13296,0
6,1999,1,1,13261,13296,35
1,2001,2,1,13294,13344,50
1,2001,0,1,13344,13345,0
0,2002,0,1,13346,13347,0
0,2002,2,1,13347,13347,0
6,1999,1,1,13316,13351,35
1,2001,2,1,13345,13375,29
0,2002,0,1,13384,13385,0
0,2002,2,1,13385,13385,0
6,1999,1,1,13356,13385,28
1,2001,0,1,13395,13395,0
3,1030,0,1,13293,13395,102
3,1030,2,1,13395,13396,0
3,1030,2,1,13396,13396,0
1,2001,2,1,13395,13402,6
1,2001,2,1,13402,13427,24
3,1030,0,1,13396,13428,32
3,1030,2,1,13428,13428,0
3,1030,2,1,13428,13428,0
1,2001,2,1,13428,13431,2
3,1030,0,1,13428,13431,3
1,2001,0,1,13431,13432,1
0,2002,0,1,13432,13443,11
0,2002,2,1,13443,13447,3
6,1999,1,1,13405,13447,41
0,2002,0,1,13477,13477,0
3,1030,2,1,13431,13477,45
0,2002,2,1,13477,13478,0
3,1030,2,1,13477,13478,0
1,2001,0,1,13432,13480,48
0,2002,2,1,13480,13480,0
6,1999,1,1,13450,13480,30
1,2001,2,1,13480,13497,17
3,1030,2,1,13478,13554,76
1,2001,2,1,13497,13558,60
0,2002,0,1,13554,13558,3
0,2002,2,1,13558,13559,0
6,1999,1,1,13525,13559,33
1,2001,0,1,13558,13575,16
1,2001,2,1,13575,13611,36
3,1030,0,1,13554,13611,57
3,1030,2,1,13611,13612,0
3,1030,2,1,13612,13612,0
1,2001,2,1,13611,13615,4
3,1030,0,1,13612,13616,3
3,1030,2,1,13616,13616,0
0,2002,0,1,13617,13617,0
3,1030,2,1,13616,13617,1
0,2002,2,1,13617,13617,0
6,1999,1,1,13592,13617,25
1,2001,2,1,13616,13626,9
1,2001,0,1,13626,13626,0
3,1030,0,1,13617,13655,38
1,2001,2,1,13626,13664,38
0,2002,0,1,13655,13664,9
3,1030,0,1,13655,13668,12
0,2002,0,1,13667,13668,0
0,2002,2,1,13668,13684,16
6,1999,1,1,13631,13684,53
1,2001,0,1,13664,13685,20
3,1030,2,1,13668,13728,60
1,2001,0,1,13685,13732,46
0,2002,0,1,13732,13732,0
0,2002,2,1,13732,13732,0
6,1999,1,1,13705,13732,27
1,2001,2,1,13732,13744,12
0,2002,0,1,13794,13794,0
0,2002,2,1,13794,13794,0
3,1030,2,1,13729,13795,66
3,1030,2,1,13795,13795,0
3,1030,2,1,13795,13795,0
3,1030,2,1,13795,13795,0
1,2001,2,1,13744,13795,51
0,2002,2,1,13797,13797,0
6,1999,1,1,13767,13797,29
1,2001,0,1,13795,13807,12
1,2001,2,1,13807,13833,25
3,1030,2,1,13795,13834,39
3,1030,0,1,13834,13837,2
1,2001,2,1,13833,13837,3
3,1030,2,1,13837,13837,0
3,1030,2,1,13837,13838,1
3,1030,2,1,13838,13838,0
1,2001,2,1,13837,13842,4
3,1030,0,1,13838,13842,3
3,1030,0,1,13842,13843,0
0,2002,0,1,13842,13843,0
0,2002,2,1,13843,13843,0
6,1999,1,1,13818,13843,25
1,2001,0,1,13842,13844,1
0,2002,0,1,13900,13900,0
1,2001,2,1,13844,13901,57
0,2002,2,1,13900,13901,1
6,1999,1,1,13876,13901,25
1,2001,0,1,13901,13901,0
1,2001,2,1,13901,13926,25
3,1030,0,1,13843,13927,84
3,1030,2,1,13927,13927,0
3,1030,2,1,13927,13927,0
0,2002,0,1,13927,13928,0
3,1030,0,1,13927,13928,0
1,2001,0,1,13927,13928,1
1,2001,2,1,13928,13929,1
0,2002,0,1,13930,13930,0
0,2002,2,1,13930,13930,0
6,1999,1,1,13905,13930,25
1,2001,2,1,13929,13963,33
3,1030,0,1,13928,13972,44
3,1030,2,1,13972,13972,0
3,1030,2,1,13972,13972,0
1,2001,2,1,13964,13972,8
0,2002,0,1,13972,13972,0
0,2002,2,1,13973,13973,0
1,2001,0,1,13972,13973,0
6,1999,1,1,13950,13973,23
1,2001,0,1,13973,14012,39
3,1030,0,1,13972,14013,40
3,1030,0,1,14013,14013,0
3,1030,2,1,14013,14013,0
1,2001,2,1,14013,14013,0
1,2001,0,1,14020,14020,0
3,1030,0,1,14013,14020,6
3,1030,0,1,14020,14020,0
3,1030,2,1,14020,14020,0
3,1030,0,1,14020,14020,0
3,1030,2,1,14020,14020,0
3,1030,2,1,14020,14022,1
1,2001,2,1,14020,14022,2
3,1030,0,1,14022,14022,0
1,2001,0,1,14022,14023,0
3,1030,2,1,14022,14024,2
0,2002,0,1,14024,14024,0
3,1030,2,1,14024,14025,0
0,2002,2,1,14025,14025,0
6,1999,1,1,13990,14025,35
1,2001,2,1,14023,14027,4
1,2001,0,1,14027,14056,28
1,2001,2,1,14056,14057,1
0,2002,0,1,14067,14080,12
0,2002,2,1,14080,14080,0
6,1999,1,1,14030,14080,50
0,2002,0,1,14110,14110,0
0,2002,2,1,14110,14110,0
3,1030,2,1,14025,14111,86
3,1030,2,1,14111,14112,1
3,1030,2,1,14112,14116,3
1,2001,2,1,14057,14116,59
1,2001,0,1,14116,14118,2
0,2002,2,1,14128,14129,1
6,1999,1,1,14084,14130,45
3,1030,0,1,14116,14156,40
0,2002,0,1,14156,14157,0
0,2002,0,1,14159,14159,0
1,2001,2,1,14118,14165,46
0,2002,2,1,14159,14165,5
1,2001,0,1,14165,14165,0
6,1999,1,1,14132,14165,33
1,2001,2,1,14165,14189,23
3,1030,0,1,14156,14190,33
3,1030,2,1,14190,14190,0
3,1030,2,1,14190,14190,0
3,1030,0,1,14190,14192,1
0,2002,0,1,14192,14194,2
1,2001,2,1,14190,14207,17
1,2001,0,1,14207,14207,0
0,2002,0,1,14219,14220,0
0,2002,2,1,14220,14220,0
6,1999,1,1,14168,14220,51
1,2001,2,1,14207,14258,50
3,1030,0,1,14192,14258,66
3,1030,2,1,14258,14258,0
3,1030,2,1,14258,14258,0
1,2001,2,1,14258,14261,3
3,1030,0,1,14258,14262,3
3,1030,0,1,14262,14276,13
3,1030,0,1,14276,14276,0
0,2002,0,1,14267,14276,9
1,2001,0,1,14261,14278,16
0,2002,0,1,14282,14285,3
0,2002,2,1,14285,14286,0
6,1999,1,1,14235,14286,50
3,1030,2,1,14276,14309,33
3,1030,2,1,14309,14312,2
1,2001,2,1,14278,14314,36
0,2002,0,1,14315,14327,12
3,1030,0,1,14312,14327,15
3,1030,2,1,14327,14327,0
1,2001,0,1,14315,14327,12
1,2001,2,1,14327,14327,0
0,2002,2,1,14327,14328,0
3,1030,2,1,14327,14328,0
6,1999,1,1,14289,14328,38
1,2001,2,1,14327,14372,44
3,1030,2,1,14328,14381,53
0,2002,0,1,14381,14382,0
1,2001,0,1,14382,14382,0
3,1030,0,1,14382,14382,0
0,2002,2,1,14382,14383,0
3,1030,2,1,14382,14383,0
3,1030,2,1,14383,14383,0
6,1999,1,1,14346,14384,38
1,2001,2,1,14382,14385,2
0,2002,0,1,14429,14430,0
3,1030,0,1,14383,14430,47
0,2002,0,1,14432,14432,0
1,2001,2,1,14385,14455,70
3,1030,2,1,14430,14456,26
0,2002,2,1,14432,14456,23
6,1999,1,1,14410,14460,49
1,2001,0,1,14456,14463,7
0,2002,0,1,14505,14505,0
3,1030,0,1,14456,14506,49
0,2002,0,1,14514,14514,0
1,2001,2,1,14467,14516,48
3,1030,0,1,14506,14515,9
1,2001,0,1,14516,14520,4
0,2002,0,1,14523,14524,0
0,2002,2,1,14524,14539,15
6,1999,1,1,14483,14546,62
1,2001,2,1,14520,14581,60
3,1030,0,1,14523,14582,58
1,2001,0,1,14581,14582,1
0,2002,0,1,14583,14583,0
0,2002,2,1,14583,14583,0
6,1999,1,1,14555,14583,27
3,1030,2,1,14582,14607,25
1,2001,0,1,14582,14610,28
3,1030,0,1,14607,14610,3
3,1030,2,1,14610,14610,0
3,1030,0,1,14610,14610,0
1,2001,2,1,14610,14612,2
0,2002,0,1,14611,14612,1
0,2002,2,1,14612,14612,0
6,1999,1,1,14587,14613,25
1,2001,0,1,14612,14613,0
0,2002,0,1,14649,14649,0
3,1030,2,1,14610,14650,39
0,2002,2,1,14649,14650,0
3,1030,2,1,14650,14650,0
1,2001,0,1,14613,14652,39
0,2002,2,1,14653,14653,0
6,1999,1,1,14625,14653,28
1,2001,2,1,14652,14653,1
1,2001,2,1,14653,14706,52
1,2001,0,1,14706,14710,4
3,1030,0,1,14650,14724,73
0,2002,0,1,14707,14724,16
0,2002,2,1,14724,14728,3
6,1999,1,1,14680,14728,47
3,1030,2,1,14724,14780,56
3,1030,2,1,14780,14783,2
3,1030,2,1,14783,14785,2
0,2002,0,1,14787,14787,0
0,2002,2,1,14787,14787,0
6,1999,1,1,14756,14787,31
1,2001,0,1,14710,14788,78
1,2001,2,1,14788,14791,2
3,1030,2,1,14785,14848,62
0,2002,0,1,14845,14848,3
3,1030,2,1,14848,14849,0
0,2002,2,1,14848,14849,0
1,2001,2,1,14791,14850,58
0,2002,2,1,14853,14853,0
6,1999,1,1,14818,14853,35
1,2001,0,1,14850,14863,12
1,2001,2,1,14863,14921,58
3,1030,0,1,14849,14922,73
3,1030,0,1,14922,14936,13
0,2002,0,1,14935,14936,0
3,1030,2,1,14936,14936,0
3,1030,2,1,14936,14936,0
1,2001,2,1,14922,14938,16
1,2001,0,1,14938,14939,0
0,2002,0,1,14939,14939,0
0,2002,2,1,14939,14940,0
6,1999,1,1,14908,14940,31
1,2001,2,1,14939,14970,30
3,1030,0,1,14936,14971,35
3,1030,2,1,14971,14979,8
3,1030,2,1,14979,14979,0
1,2001,2,1,14971,14981,10
1,2001,0,1,14981,14982,0
3,1030,0,1,14979,15000,20
0,2002,0,1,14983,15000,16
0,2002,2,1,15000,15000,0
6,1999,1,1,14955,15000,45
1,2001,2,1,14982,15025,43
3,1030,2,1,15000,15026,25
3,1030,2,1,15026,15026,0
1,2001,2,1,15025,15029,3
3,1030,0,1,15026,15029,3
3,1030,2,1,15029,15030,0
3,1030,2,1,15030,15030,0
1,2001,2,1,15029,15032,2
3,1030,0,1,15030,15032,2
1,2001,0,1,15033,15033,0
3,1030,2,1,15032,15033,0
3,1030,0,1,15033,15033,0
3,1030,2,1,15033,15033,0
0,2002,0,1,15035,15035,0
0,2002,2,1,15035,15035,0
6,1999,1,1,15005,15035,30
1,2001,2,1,15033,15036,2
3,1030,0,1,15033,15076,42
0,2002,0,1,15075,15076,0
1,2001,0,1,15036,15078,42
0,2002,0,1,15078,15078,0
0,2002,2,1,15078,15079,0
1,2001,2,1,15078,15079,1
6,1999,1,1,15052,15079,27
1,2001,2,1,15079,15130,50
3,1030,0,1,15076,15140,64
0,2002,0,1,15130,15140,9
0,2002,2,1,15140,15140,0
6,1999,1,1,15110,15140,30
1,2001,0,1,15130,15140,10
3,1030,2,1,15140,15190,49
1,2001,2,1,15140,15192,51
1,2001,0,1,15197,15197,0
3,1030,2,1,15190,15197,7
3,1030,0,1,15197,15197,0
3,1030,2,1,15197,15197,0
0,2002,0,1,15196,15197,1
0,2002,2,1,15197,15203,6
1,2001,2,1,15197,15203,6
6,1999,1,1,15167,15204,37
0,2002,0,1,15240,15240,0
3,1030,0,1,15197,15240,43
0,2002,0,1,15243,15243,0
0,2002,0,1,15248,15248,0
1,2001,0,1,15204,15248,44
0,2002,2,1,15248,15248,0
3,1030,0,1,15248,15248,0
3,1030,2,1,15248,15248,0
1,2001,2,1,15248,15249,1
6,1999,1,1,15223,15249,26
0,2002,0,1,15276,15276,0
0,2002,2,1,15276,15276,0
6,1999,1,1,15253,15276,23
1,2001,0,1,15249,15277,27
1,2001,2,1,15277,15278,0
0,2002,0,1,15318,15319,0
0,2002,2,1,15319,15319,0
6,1999,1,1,15296,15319,23
1,2001,0,1,15278,15320,41
1,2001,2,1,15320,15321,0
0,2002,0,1,15349,15349,0
0,2002,2,1,15349,15350,0
3,1030,2,1,15248,15350,101
1,2001,2,1,15321,15350,29
1,2001,0,1,15350,15351,0
0,2002,2,1,15354,15359,5
6,1999,1,1,15326,15359,33
1,2001,2,1,15351,15388,37
1,2001,0,1,15388,15388,0
0,2002,0,1,15390,15390,0
0,2002,2,1,15390,15391,0
6,1999,1,1,15364,15391,27
1,2001,0,1,15388,15419,30
1,2001,2,1,15419,15419,0
0,2002,0,1,15421,15421,0
0,2002,2,1,15421,15421,0
6,1999,1,1,15394,15421,26
1,2001,2,1,15419,15448,29
1,2001,0,1,15448,15449,0
0,2002,0,1,15451,15451,0
0,2002,2,1,15451,15452,0
6,1999,1,1,15424,15452,27
1,2001,0,1,15449,15479,29
1,2001,2,1,15479,15479,0
0,2002,0,1,15481,15481,0
0,2002,2,1,15481,15482,0
6,1999,1,1,15455,15482,27
1,2001,0,1,15479,15509,30
1,2001,2,1,15509,15510,0
0,2002,0,1,15512,15512,0
0,2002,2,1,15512,15512,0
6,1999,1,1,15485,15513,27
1,2001,0,1,15510,15539,29
1,2001,2,1,15539,15540,1
0,2002,0,1,15542,15543,0
0,2002,2,1,15543,15543,0
6,1999,1,1,15516,15543,27
1,2001,0,1,15540,15570,29
1,2001,2,1,15570,15571,0
0,2002,0,1,15573,15573,0
0,2002,2,1,15573,15573,0
6,1999,1,1,15546,15574,27
1,2001,0,1,15571,15601,30
1,2001,2,1,15601,15602,1
0,2002,0,1,15604,15604,0
0,2002,2,1,15604,15604,0
6,1999,1,1,15577,15604,27
1,2001,0,1,15602,15631,29
1,2001,2,1,15631,15632,0
0,2002,0,1,15634,15634,0
0,2002,2,1,15634,15635,0
6,1999,1,1,15608,15635,27
1,2001,0,1,15633,15663,30
1,2001,2,1,15663,15664,0
0,2002,0,1,15666,15666,0
0,2002,2,1,15667,15667,0
6,1999,1,1,15640,15667,27
1,2001,0,1,15664,15695,30
1,2001,2,1,15695,15696,0
0,2002,0,1,15697,15698,0
0,2002,2,1,15698,15698,0
6,1999,1,1,15671,15698,27
1,2001,0,1,15696,15726,30
1,2001,2,1,15726,15726,0
0,2002,0,1,15729,15729,0
0,2002,2,1,15729,15729,0
6,1999,1,1,15702,15729,27
1,2001,0,1,15726,15757,30
1,2001,2,1,15757,15757,0
0,2002,0,1,15760,15760,0
0,2002,2,1,15760,15760,0
6,1999,1,1,15733,15760,27
0,2002,0,1,15786,15787,0
0,2002,2,1,15787,15787,0
6,1999,1,1,15764,15787,23
1,2001,0,1,15757,15788,30
1,2001,2,1,15788,15788,0
0,2002,0,1,15813,15813,0
3,1030,0,1,15350,15814,463
1,2001,2,1,15788,15815,26
0,2002,0,1,15816,15816,0
0,2002,2,1,15816,15816,0
6,1999,1,1,15792,15816,23
3,1030,2,1,15816,15816,0
1,2001,0,1,15815,15818,2
1,2001,2,1,15818,15860,42
0,2002,0,1,15860,15861,0
0,2002,2,1,15861,15861,0
6,1999,1,1,15838,15861,22
1,2001,0,1,15860,15862,2
1,2001,2,1,15862,15888,25
0,2002,0,1,15888,15888,0
0,2002,2,1,15888,15888,0
6,1999,1,1,15865,15888,23
1,2001,0,1,15888,15890,2
1,2001,2,1,15890,15916,26
0,2002,0,1,15917,15917,0
0,2002,2,1,15917,15918,0
6,1999,1,1,15894,15918,23
1,2001,0,1,15916,15919,2
1,2001,2,1,15919,15945,25
0,2002,0,1,15946,15946,0
0,2002,2,1,15946,15946,0
6,1999,1,1,15923,15946,23
1,2001,0,1,15945,15947,2
1,2001,2,1,15947,15973,25
0,2002,0,1,15973,15973,0
0,2002,2,1,15973,15973,0
6,1999,1,1,15950,15973,23
1,2001,0,1,15973,15975,2
1,2001,2,1,15975,16001,25
0,2002,0,1,16001,16001,0
0,2002,2,1,16001,16002,0
6,1999,1,1,15979,16002,23
1,2001,0,1,16001,16003,2
1,2001,2,1,16003,16029,25
0,2002,0,1,16029,16029,0
0,2002,2,1,16030,16030,0
6,1999,1,1,16006,16030,23
1,2001,0,1,16029,16031,2
1,2001,2,1,16031,16058,26
0,2002,0,1,16058,16058,0
0,2002,2,1,16058,16059,0
6,1999,1,1,16035,16059,23
1,2001,0,1,16058,16060,2
1,2001,2,1,16060,16086,25
0,2002,0,1,16086,16087,0
0,2002,2,1,16087,16087,0
6,1999,1,1,16064,16087,23
1,2001,0,1,16086,16088,2
1,2001,2,1,16088,16114,26
0,2002,0,1,16115,16115,0
0,2002,2,1,16115,16115,0
6,1999,1,1,16092,16116,23
1,2001,0,1,16114,16116,1
1,2001,2,1,16116,16142,25
0,2002,0,1,16143,16143,0
0,2002,2,1,16143,16144,0
6,1999,1,1,16120,16144,23
1,2001,0,1,16142,16144,2
1,2001,2,1,16144,16171,26
0,2002,0,1,16171,16171,0
0,2002,2,1,16171,16171,0
6,1999,1,1,16148,16171,23
1,2001,0,1,16171,16172,1
1,2001,2,1,16172,16198,25
0,2002,0,1,16199,16199,0
0,2002,2,1,16199,16199,0
6,1999,1,1,16176,16199,23
1,2001,0,1,16198,16200,2
0,2002,0,1,16226,16227,0
0,2002,2,1,16227,16227,0
1,2001,2,1,16200,16227,26
6,1999,1,1,16203,16227,23
1,2001,0,1,16227,16228,1
0,2002,0,1,16255,16255,0
0,2002,2,1,16255,16255,0
1,2001,2,1,16228,16255,26
6,1999,1,1,16232,16255,23
1,2001,0,1,16255,16256,1
0,2002,0,1,16282,16283,0
0,2002,2,1,16283,16283,0
6,1999,1,1,16260,16283,23
1,2001,2,1,16256,16283,26
1,2001,0,1,16283,16284,1
0,2002,0,1,16311,16311,0
0,2002,2,1,16311,16311,0
6,1999,1,1,16288,16311,23
1,2001,2,1,16284,16311,27
1,2001,0,1,16311,16312,0
0,2002,0,1,16339,16339,0
0,2002,2,1,16339,16339,0
6,1999,1,1,16316,16339,23
1,2001,2,1,16312,16339,26
1,2001,0,1,16339,16340,0
0,2002,0,1,16366,16366,0
0,2002,2,1,16366,16367,0
1,2001,2,1,16340,16367,26
6,1999,1,1,16343,16367,23
1,2001,0,1,16367,16368,1
1,2001,2,1,16368,16393,25
0,2002,0,1,16394,16394,0
0,2002,2,1,16394,16394,0
6,1999,1,1,16371,16394,23
1,2001,0,1,16393,16395,1
1,2001,2,1,16395,16422,26
0,2002,0,1,16422,16422,0
0,2002,2,1,16422,16422,0
6,1999,1,1,16398,16422,23
1,2001,0,1,16422,16423,1
1,2001,2,1,16423,16450,26
0,2002,0,1,16450,16450,0
0,2002,2,1,16450,16450,0
6,1999,1,1,16427,16450,23
1,2001,0,1,16450,16452,1
0,2002,0,1,16478,16478,0
0,2002,2,1,16478,16478,0
6,1999,1,1,16455,16478,23
1,2001,2,1,16452,16479,26
1,2001,0,1,16479,16480,1
1,2001,2,1,16480,16505,25
0,2002,0,1,16505,16506,0
0,2002,2,1,16506,16506,0
6,1999,1,1,16483,16506,23
1,2001,0,1,16505,16507,1
1,2001,2,1,16507,16533,25
0,2002,0,1,16533,16533,0
0,2002,2,1,16533,16533,0
6,1999,1,1,16510,16533,23
1,2001,0,1,16533,16534,1
1,2001,2,1,16534,16561,26
0,2002,0,1,16561,16561,0
0,2002,2,1,16561,16561,0
6,1999,1,1,16538,16561,23
1,2001,0,1,16561,16562,1
1,2001,2,1,16562,16588,25
0,2002,0,1,16588,16588,0
0,2002,2,1,16588,16589,0
6,1999,1,1,16566,16589,23
1,2001,0,1,16588,16590,1
0,2002,0,1,16616,16616,0
0,2002,2,1,16616,16616,0
6,1999,1,1,16593,16616,23
1,2001,2,1,16590,16617,27
1,2001,0,1,16617,16618,0
0,2002,0,1,16643,16644,0
1,2001,2,1,16618,16644,26
0,2002,2,1,16644,16644,0
6,1999,1,1,16621,16644,23
1,2001,0,1,16644,16645,1
1,2001,2,1,16645,16670,24
0,2002,0,1,16671,16671,0
0,2002,2,1,16671,16671,0
6,1999,1,1,16648,16671,23
1,2001,0,1,16670,16672,2
1,2001,2,1,16672,16698,25
0,2002,0,1,16698,16698,0
0,2002,2,1,16699,16699,0
6,1999,1,1,16676,16699,23
1,2001,0,1,16698,16700,1
1,2001,2,1,16700,16725,25
0,2002,0,1,16725,16726,0
0,2002,2,1,16726,16726,0
6,1999,1,1,16703,16726,23
1,2001,0,1,16725,16727,2
0,2002,0,1,16753,16753,0
0,2002,2,1,16753,16753,0
6,1999,1,1,16730,16753,23
1,2001,2,1,16727,16754,26
1,2001,0,1,16754,16755,0
1,2001,2,1,16755,16780,25
0,2002,0,1,16781,16781,0
0,2002,2,1,16781,16781,0
6,1999,1,1,16758,16781,23
1,2001,0,1,16780,16782,1
0,2002,0,1,16808,16808,0
1,2001,2,1,16782,16808,25
0,2002,2,1,16808,16809,0
6,1999,1,1,16785,16809,23
1,2001,0,1,16808,16810,1
1,2001,2,1,16810,16836,25
0,2002,0,1,16836,16836,0
0,2002,2,1,16836,16837,0
6,1999,1,1,16813,16837,23
1,2001,0,1,16836,16838,1
1,2001,2,1,16838,16864,26
0,2002,0,1,16865,16865,0
0,2002,2,1,16865,16865,0
6,1999,1,1,16841,16865,23
1,2001,0,1,16864,16866,1
0,2002,0,1,16892,16892,0
0,2002,2,1,16892,16893,0
6,1999,1,1,16869,16893,23
1,2001,2,1,16866,16893,26
1,2001,0,1,16893,16894,1
0,2002,0,1,16920,16920,0
0,2002,2,1,16920,16921,0
6,1999,1,1,16897,16921,23
1,2001,2,1,16894,16921,27
1,2001,0,1,16921,16922,0
1,2001,2,1,16922,16947,25
0,2002,0,1,16948,16948,0
0,2002,2,1,16948,16948,0
6,1999,1,1,16925,16948,23
1,2001,0,1,16948,16949,1
0,2002,0,1,16975,16975,0
0,2002,2,1,16975,16976,0
6,1999,1,1,16952,16976,23
1,2001,2,1,16949,16976,26
1,2001,0,1,16976,16977,1
1,2001,2,1,16977,17002,25
0,2002,0,1,17003,17003,0
0,2002,2,1,17003,17003,0
6,1999,1,1,16980,17003,23
1,2001,0,1,17003,17004,1
1,2001,2,1,17004,17030,25
0,2002,0,1,17030,17030,0
0,2002,2,1,17030,17030,0
6,1999,1,1,17007,17031,23
1,2001,0,1,17030,17032,1
0,2002,0,1,17058,17058,0
1,2001,2,1,17032,17058,26
0,2002,2,1,17058,17059,0
6,1999,1,1,17035,17059,23
1,2001,0,1,17058,17060,1
0,2002,0,1,17086,17087,0
0,2002,2,1,17087,17087,0
6,1999,1,1,17064,17087,23
1,2001,2,1,17060,17087,26
1,2001,0,1,17087,17088,0
1,2001,2,1,17088,17114,25
0,2002,0,1,17114,17115,0
0,2002,2,1,17115,17115,0
6,1999,1,1,17091,17115,23
1,2001,0,1,17114,17115,1
1,2001,2,1,17115,17142,26
0,2002,0,1,17142,17143,0
0,2002,2,1,17143,17143,0
6,1999,1,1,17119,17143,23
1,2001,0,1,17142,17144,2
1,2001,2,1,17144,17171,26
0,2002,0,1,17171,17171,0
0,2002,2,1,17171,17171,0
6,1999,1,1,17148,17172,23
1,2001,0,1,17171,17173,1
0,2002,0,1,17200,17200,0
0,2002,2,1,17200,17200,0
6,1999,1,1,17177,17200,23
1,2001,2,1,17173,17201,27
1,2001,0,1,17201,17201,0
1,2001,2,1,17201,17228,26
0,2002,0,1,17228,17228,0
0,2002,2,1,17228,17229,0
6,1999,1,1,17205,17229,23
1,2001,0,1,17228,17230,1
1,2001,2,1,17230,17256,26
0,2002,0,1,17256,17256,0
0,2002,2,1,17256,17257,0
6,1999,1,1,17233,17257,23
1,2001,0,1,17256,17258,1
1,2001,2,1,17258,17283,25
0,2002,0,1,17284,17284,0
0,2002,2,1,17284,17284,0
6,1999,1,1,17261,17284,23
1,2001,0,1,17283,17285,2
0,2002,0,1,17312,17312,0
1,2001,2,1,17285,17312,26
0,2002,2,1,17312,17312,0
6,1999,1,1,17289,17312,23
1,2001,0,1,17312,17313,1
1,2001,2,1,17313,17340,26
0,2002,0,1,17340,17340,0
0,2002,2,1,17340,17340,0
6,1999,1,1,17317,17340,23
1,2001,0,1,17340,17341,1
0,2002,0,1,17368,17368,0
0,2002,2,1,17368,17368,0
6,1999,1,1,17345,17368,23
1,2001,2,1,17341,17369,27
1,2001,0,1,17369,17370,0
0,2002,0,1,17396,17396,0
1,2001,2,1,17370,17396,26
0,2002,2,1,17396,17396,0
6,1999,1,1,17373,17396,23
1,2001,0,1,17396,17397,1
0,2002,0,1,17423,17423,0
0,2002,2,1,17423,17423,0
6,1999,1,1,17400,17424,23
1,2001,2,1,17397,17424,26
1,2001,0,1,17424,17425,0
1,2001,1,1,17425,17428,3
3,1030,1,1,15818,17428,1610
