thread,tag,sender,reciever,begin,end,lifeSpan
8,10002,0,2,3250,3250,0
8,10003,0,2,3250,3259,9
8,10000,0,2,3259,3260,0
8,10001,0,2,3260,3260,0
8,30000,0,2,3260,3260,0
3,1030,1,2,3261,3273,11
0,2002,1,2,3284,3284,0
0,2002,0,2,3284,3295,10
6,1999,2,2,3283,3295,12
0,2002,1,2,3304,3311,7
3,1030,1,2,3273,3311,38
0,2002,1,2,3314,3314,0
3,1030,1,2,3312,3315,3
0,2002,1,2,3317,3317,0
3,1030,1,2,3315,3318,3
0,2002,1,2,3320,3321,0
3,1030,1,2,3318,3321,3
3,1030,1,2,3321,3332,10
0,2002,1,2,3324,3332,7
0,2002,1,2,3333,3333,0
0,2002,0,2,3333,3336,2
3,1030,0,2,3332,3336,4
3,1030,0,2,3336,3337,0
3,1030,0,2,3337,3338,1
0,2002,0,2,3339,3339,0
6,1999,2,2,3303,3339,35
1,2001,0,2,3261,3339,78
1,2001,1,2,3340,3341,1
3,1030,1,2,3338,3367,28
0,2002,1,2,3367,3367,0
0,2002,1,2,3369,3370,0
3,1030,1,2,3367,3370,2
0,2002,1,2,3372,3372,0
3,1030,1,2,3370,3372,2
0,2002,1,2,3375,3375,0
1,2001,0,2,3341,3381,39
0,2002,0,2,3375,3381,6
1,2001,1,2,3381,3384,3
3,1030,0,2,3373,3385,12
0,2002,0,2,3386,3391,4
6,1999,2,2,3354,3391,37
3,1030,1,2,3385,3415,30
3,1030,0,2,3415,3415,0
0,2002,1,2,3414,3415,0
0,2002,1,2,3418,3418,0
0,2002,0,2,3418,3418,0
6,1999,2,2,3395,3418,23
1,2001,1,2,3384,3419,34
1,2001,0,2,3419,3419,0
0,2002,1,2,3451,3451,0
0,2002,0,2,3452,3452,0
6,1999,2,2,3430,3452,21
1,2001,1,2,3419,3453,33
1,2001,0,2,3453,3454,0
0,2002,1,2,3479,3479,0
0,2002,0,2,3479,3480,0
6,1999,2,2,3457,3480,22
1,2001,1,2,3454,3481,27
1,2001,0,2,3481,3482,0
1,2001,1,2,3482,3523,41
0,2002,1,2,3508,3523,15
1,2001,0,2,3523,3523,0
0,2002,0,2,3523,3524,0
6,1999,2,2,3486,3531,45
0,2002,1,2,3557,3557,0
0,2002,0,2,3557,3558,0
6,1999,2,2,3535,3558,22
1,2001,1,2,3523,3558,34
1,2001,0,2,3558,3560,1
0,2002,1,2,3585,3585,0
3,1030,1,2,3415,3586,171
1,2001,0,2,3560,3587,27
3,1030,1,2,3588,3588,0
0,2002,1,2,3588,3588,0
0,2002,1,2,3591,3591,0
0,2002,0,2,3591,3591,0
3,1030,1,2,3588,3592,3
6,1999,2,2,3563,3592,28
3,1030,1,2,3592,3592,0
1,2001,1,2,3587,3595,8
3,1030,0,2,3594,3623,28
0,2002,1,2,3624,3624,0
0,2002,0,2,3624,3624,0
6,1999,2,2,3599,3624,25
1,2001,1,2,3595,3625,29
1,2001,0,2,3625,3626,0
3,1030,0,2,3623,3660,37
1,2001,0,2,3626,3663,37
0,2002,1,2,3664,3664,0
0,2002,0,2,3664,3664,0
6,1999,2,2,3639,3665,25
1,2001,1,2,3664,3665,0
1,2001,0,2,3665,3693,27
1,2001,1,2,3693,3694,0
0,2002,1,2,3694,3695,0
0,2002,0,2,3695,3695,0
6,1999,2,2,3669,3695,26
3,1030,0,2,3660,3718,58
1,2001,0,2,3694,3719,25
3,1030,0,2,3719,3720,1
3,1030,1,2,3720,3722,1
1,2001,1,2,3720,3722,1
1,2001,0,2,3722,3722,0
3,1030,0,2,3722,3722,0
0,2002,1,2,3722,3722,0
0,2002,0,2,3722,3722,0
6,1999,2,2,3698,3722,24
1,2001,0,2,3722,3748,26
3,1030,1,2,3722,3749,26
0,2002,1,2,3749,3749,0
3,1030,1,2,3749,3750,1
3,1030,1,2,3750,3751,1
0,2002,1,2,3753,3753,0
0,2002,0,2,3753,3753,0
6,1999,2,2,3725,3753,28
1,2001,1,2,3748,3761,12
3,1030,0,2,3751,3790,38
3,1030,0,2,3790,3792,2
1,2001,0,2,3761,3798,37
3,1030,0,2,3792,3800,8
3,1030,0,2,3800,3801,0
3,1030,1,2,3801,3801,0
0,2002,1,2,3798,3801,2
0,2002,0,2,3801,3801,0
6,1999,2,2,3775,3801,26
1,2001,0,2,3798,3803,5
1,2001,1,2,3803,3814,10
0,2002,1,2,3859,3860,0
3,1030,1,2,3801,3860,59
3,1030,0,2,3860,3865,4
0,2002,1,2,3862,3865,2
0,2002,0,2,3865,3866,0
3,1030,0,2,3865,3866,1
3,1030,0,2,3866,3867,1
0,2002,0,2,3868,3868,0
6,1999,2,2,3837,3868,31
1,2001,1,2,3814,3871,57
1,2001,0,2,3871,3872,0
3,1030,0,2,3868,3914,46
1,2001,0,2,3872,3914,42
3,1030,0,2,3915,3915,0
3,1030,0,2,3915,3916,0
1,2001,0,2,3915,3927,12
1,2001,1,2,3927,3927,0
3,1030,1,2,3916,3927,11
0,2002,1,2,3916,3927,11
0,2002,0,2,3928,3928,0
6,1999,2,2,3891,3928,36
1,2001,0,2,3927,3980,52
1,2001,1,2,3980,4003,23
0,2002,1,2,3982,4003,21
0,2002,0,2,4003,4004,0
6,1999,2,2,3956,4004,47
1,2001,0,2,4003,4034,31
0,2002,1,2,4036,4036,0
0,2002,0,2,4036,4037,0
6,1999,2,2,4011,4037,25
1,2001,1,2,4034,4037,2
1,2001,0,2,4037,4065,27
1,2001,1,2,4065,4067,1
0,2002,1,2,4067,4068,0
0,2002,0,2,4068,4068,0
6,1999,2,2,4041,4068,26
1,2001,0,2,4067,4096,29
3,1030,0,2,3927,4097,169
3,1030,1,2,4097,4097,0
3,1030,0,2,4097,4097,0
0,2002,1,2,4097,4098,0
0,2002,0,2,4098,4098,0
6,1999,2,2,4073,4098,25
1,2001,1,2,4097,4103,6
1,2001,0,2,4103,4103,0
0,2002,1,2,4148,4148,0
0,2002,0,2,4148,4148,0
6,1999,2,2,4124,4148,24
1,2001,0,2,4103,4150,46
1,2001,1,2,4150,4150,0
0,2002,1,2,4178,4178,0
0,2002,0,2,4178,4178,0
6,1999,2,2,4154,4178,24
1,2001,0,2,4150,4180,29
1,2001,1,2,4180,4180,0
0,2002,1,2,4207,4207,0
0,2002,0,2,4207,4208,0
6,1999,2,2,4183,4208,24
1,2001,0,2,4180,4210,29
1,2001,1,2,4210,4210,0
0,2002,1,2,4237,4237,0
0,2002,0,2,4237,4237,0
6,1999,2,2,4213,4237,24
1,2001,0,2,4210,4239,28
1,2001,1,2,4239,4239,0
0,2002,1,2,4266,4266,0
3,1030,1,2,4097,4278,180
1,2001,0,2,4239,4278,38
1,2001,1,2,4278,4278,0
0,2002,1,2,4283,4284,0
0,2002,0,2,4284,4287,3
6,1999,2,2,4242,4287,45
3,1030,0,2,4278,4323,45
1,2001,0,2,4278,4332,53
3,1030,1,2,4323,4333,9
1,2001,1,2,4332,4333,0
0,2002,1,2,4334,4339,5
3,1030,0,2,4333,4339,6
3,1030,0,2,4339,4340,0
1,2001,0,2,4333,4343,10
0,2002,0,2,4359,4359,0
6,1999,2,2,4297,4371,74
1,2001,0,2,4343,4418,74
3,1030,0,2,4340,4419,79
3,1030,0,2,4419,4419,0
1,2001,0,2,4419,4421,2
3,1030,1,2,4419,4422,2
3,1030,1,2,4422,4422,0
3,1030,0,2,4422,4422,0
3,1030,0,2,4422,4422,0
1,2001,0,2,4422,4425,2
3,1030,0,2,4422,4426,3
3,1030,1,2,4426,4426,0
3,1030,0,2,4426,4426,0
0,2002,1,2,4426,4426,0
3,1030,1,2,4426,4427,1
1,2001,0,2,4425,4430,4
0,2002,1,2,4429,4430,0
3,1030,1,2,4427,4431,3
3,1030,1,2,4431,4431,0
0,2002,1,2,4433,4433,0
3,1030,1,2,4431,4434,2
1,2001,1,2,4430,4447,17
0,2002,1,2,4438,4448,9
0,2002,0,2,4448,4448,0
6,1999,2,2,4403,4449,45
3,1030,0,2,4434,4490,55
3,1030,0,2,4490,4494,3
3,1030,0,2,4494,4496,2
3,1030,0,2,4496,4499,3
0,2002,1,2,4502,4502,0
3,1030,0,2,4499,4503,4
0,2002,0,2,4502,4504,1
6,1999,2,2,4473,4504,30
1,2001,0,2,4447,4504,56
1,2001,1,2,4504,4519,15
1,2001,0,2,4519,4579,59
3,1030,1,2,4504,4579,75
3,1030,0,2,4579,4580,0
3,1030,0,2,4580,4580,0
1,2001,0,2,4579,4582,2
3,1030,1,2,4580,4582,2
3,1030,0,2,4582,4582,0
3,1030,0,2,4582,4582,0
1,2001,0,2,4582,4584,2
3,1030,1,2,4582,4584,2
0,2002,1,2,4585,4585,0
3,1030,1,2,4585,4586,1
1,2001,1,2,4584,4587,2
0,2002,1,2,4590,4590,0
0,2002,0,2,4590,4590,0
6,1999,2,2,4560,4590,30
1,2001,1,2,4587,4618,31
3,1030,1,2,4586,4619,32
3,1030,0,2,4619,4619,0
3,1030,1,2,4619,4619,0
0,2002,1,2,4619,4619,0
1,2001,0,2,4619,4620,1
0,2002,0,2,4619,4621,1
6,1999,2,2,4594,4621,26
1,2001,1,2,4620,4634,13
0,2002,1,2,4662,4662,0
3,1030,1,2,4619,4663,43
1,2001,0,2,4634,4663,29
3,1030,1,2,4663,4663,0
3,1030,1,2,4664,4666,2
0,2002,1,2,4667,4667,0
0,2002,0,2,4667,4667,0
6,1999,2,2,4637,4667,29
1,2001,1,2,4663,4668,4
3,1030,1,2,4666,4717,51
0,2002,1,2,4717,4717,0
1,2001,0,2,4668,4718,50
0,2002,1,2,4721,4721,0
3,1030,1,2,4718,4721,3
1,2001,1,2,4718,4723,5
0,2002,1,2,4727,4728,0
0,2002,0,2,4728,4738,10
6,1999,2,2,4689,4738,49
3,1030,0,2,4721,4761,39
3,1030,0,2,4761,4764,2
1,2001,0,2,4723,4773,49
1,2001,1,2,4773,4774,0
3,1030,0,2,4764,4774,10
3,1030,1,2,4774,4774,0
3,1030,1,2,4774,4774,0
0,2002,1,2,4775,4775,0
3,1030,0,2,4774,4776,1
3,1030,0,2,4776,4776,0
0,2002,0,2,4775,4776,0
6,1999,2,2,4747,4776,28
3,1030,1,2,4776,4776,0
1,2001,0,2,4774,4776,1
1,2001,1,2,4776,4776,0
1,2001,0,2,4776,4818,41
0,2002,1,2,4818,4818,0
3,1030,1,2,4776,4818,42
3,1030,1,2,4818,4818,0
1,2001,1,2,4818,4819,1
0,2002,1,2,4820,4821,0
0,2002,0,2,4821,4821,0
6,1999,2,2,4789,4821,31
3,1030,0,2,4818,4843,24
3,1030,0,2,4843,4845,2
3,1030,0,2,4845,4847,2
1,2001,1,2,4819,4850,30
3,1030,1,2,4847,4851,3
3,1030,0,2,4851,4851,0
3,1030,1,2,4851,4851,0
0,2002,1,2,4853,4854,0
1,2001,1,2,4850,4854,3
0,2002,0,2,4854,4854,0
1,2001,0,2,4854,4854,0
6,1999,2,2,4827,4854,27
1,2001,0,2,4854,4888,34
3,1030,0,2,4851,4889,38
3,1030,0,2,4889,4889,0
3,1030,1,2,4889,4889,0
1,2001,1,2,4889,4890,0
0,2002,1,2,4890,4890,0
0,2002,0,2,4890,4890,0
6,1999,2,2,4865,4890,25
1,2001,0,2,4890,4891,1
0,2002,1,2,4931,4932,0
1,2001,1,2,4891,4932,40
0,2002,0,2,4932,4932,0
6,1999,2,2,4907,4932,25
1,2001,0,2,4932,4933,1
0,2002,1,2,4964,4964,0
0,2002,0,2,4964,4965,0
6,1999,2,2,4940,4965,25
1,2001,0,2,4933,4965,31
1,2001,1,2,4965,4969,3
0,2002,1,2,5003,5003,0
3,1030,1,2,4889,5005,115
1,2001,0,2,4969,5006,37
0,2002,1,2,5009,5009,0
3,1030,0,2,5005,5023,18
0,2002,0,2,5009,5024,14
6,1999,2,2,4982,5024,41
1,2001,1,2,5006,5043,37
0,2002,1,2,5074,5074,0
3,1030,1,2,5023,5075,51
1,2001,0,2,5043,5075,32
3,1030,1,2,5075,5076,0
0,2002,1,2,5078,5087,8
1,2001,1,2,5075,5090,15
0,2002,0,2,5087,5090,3
6,1999,2,2,5050,5090,40
3,1030,0,2,5076,5132,55
0,2002,1,2,5138,5138,0
3,1030,0,2,5132,5143,11
0,2002,0,2,5139,5143,4
6,1999,2,2,5113,5144,30
1,2001,0,2,5090,5149,58
1,2001,1,2,5149,5152,3
3,1030,0,2,5143,5194,50
3,1030,0,2,5194,5196,2
1,2001,0,2,5152,5211,58
1,2001,1,2,5211,5211,0
0,2002,1,2,5196,5211,15
0,2002,0,2,5211,5212,0
6,1999,2,2,5170,5213,42
1,2001,0,2,5211,5264,52
3,1030,1,2,5196,5265,68
3,1030,0,2,5265,5268,3
3,1030,0,2,5268,5275,7
1,2001,1,2,5265,5276,10
1,2001,0,2,5276,5279,2
3,1030,0,2,5276,5279,3
0,2002,1,2,5280,5280,0
3,1030,1,2,5279,5281,1
3,1030,1,2,5281,5281,0
1,2001,1,2,5279,5284,4
0,2002,0,2,5281,5291,10
6,1999,2,2,5246,5291,45
0,2002,1,2,5360,5361,0
1,2001,0,2,5284,5372,88
3,1030,0,2,5281,5372,91
3,1030,1,2,5372,5372,0
1,2001,1,2,5372,5373,1
0,2002,1,2,5375,5375,0
0,2002,0,2,5375,5375,0
6,1999,2,2,5340,5375,35
1,2001,0,2,5373,5403,30
3,1030,1,2,5372,5404,32
3,1030,1,2,5407,5407,0
0,2002,1,2,5407,5407,0
0,2002,0,2,5407,5423,16
6,1999,2,2,5382,5423,41
1,2001,1,2,5403,5426,22
0,2002,1,2,5476,5476,0
3,1030,1,2,5407,5477,70
0,2002,1,2,5480,5480,0
3,1030,1,2,5477,5481,3
1,2001,0,2,5426,5485,59
0,2002,1,2,5483,5485,2
3,1030,1,2,5481,5486,4
1,2001,1,2,5485,5486,1
0,2002,1,2,5489,5489,0
0,2002,0,2,5489,5489,0
6,1999,2,2,5453,5489,36
1,2001,0,2,5486,5537,50
3,1030,0,2,5486,5537,51
0,2002,1,2,5544,5544,0
3,1030,1,2,5537,5544,7
3,1030,1,2,5544,5545,0
3,1030,0,2,5545,5545,0
1,2001,0,2,5537,5550,12
1,2001,1,2,5550,5550,0
0,2002,1,2,5548,5550,2
0,2002,0,2,5550,5557,7
6,1999,2,2,5515,5557,41
3,1030,0,2,5545,5608,63
3,1030,0,2,5608,5611,3
3,1030,0,2,5611,5613,1
1,2001,0,2,5550,5628,78
3,1030,0,2,5613,5630,16
3,1030,0,2,5630,5630,0
1,2001,0,2,5629,5632,3
3,1030,1,2,5630,5632,2
1,2001,1,2,5632,5633,0
0,2002,1,2,5635,5635,0
0,2002,0,2,5635,5635,0
6,1999,2,2,5607,5635,27
1,2001,0,2,5633,5637,4
3,1030,1,2,5633,5637,4
3,1030,0,2,5637,5637,0
3,1030,0,2,5637,5637,0
3,1030,0,2,5637,5667,30
3,1030,0,2,5668,5670,2
3,1030,0,2,5670,5672,2
1,2001,0,2,5637,5672,35
3,1030,0,2,5672,5673,0
3,1030,0,2,5673,5673,0
3,1030,1,2,5673,5673,0
1,2001,0,2,5673,5676,3
1,2001,1,2,5677,5677,0
3,1030,1,2,5673,5677,3
3,1030,0,2,5677,5677,0
3,1030,0,2,5677,5677,0
0,2002,1,2,5676,5677,0
0,2002,0,2,5677,5677,0
6,1999,2,2,5655,5677,22
1,2001,0,2,5677,5684,7
0,2002,1,2,5716,5716,0
3,1030,1,2,5677,5717,39
1,2001,0,2,5684,5719,34
3,1030,1,2,5717,5719,2
0,2002,1,2,5719,5719,0
0,2002,0,2,5719,5719,0
6,1999,2,2,5695,5719,24
1,2001,1,2,5719,5720,1
0,2002,1,2,5760,5761,0
0,2002,0,2,5761,5761,0
6,1999,2,2,5737,5761,24
1,2001,1,2,5720,5763,42
1,2001,0,2,5763,5764,1
0,2002,1,2,5793,5793,0
0,2002,0,2,5793,5793,0
6,1999,2,2,5769,5793,23
1,2001,1,2,5764,5795,30
1,2001,0,2,5795,5796,1
0,2002,1,2,5828,5829,0
3,1030,1,2,5719,5829,110
1,2001,1,2,5796,5829,33
1,2001,0,2,5829,5840,10
0,2002,1,2,5832,5840,8
0,2002,0,2,5841,5841,0
6,1999,2,2,5805,5841,35
0,2002,1,2,5890,5890,0
3,1030,1,2,5829,5891,61
3,1030,0,2,5891,5892,1
0,2002,1,2,5893,5894,0
0,2002,0,2,5894,5894,0
3,1030,0,2,5892,5895,2
1,2001,1,2,5840,5898,57
0,2002,0,2,5898,5911,13
1,2001,0,2,5898,5911,13
6,1999,2,2,5864,5911,47
1,2001,1,2,5911,5967,56
3,1030,0,2,5895,5968,73
3,1030,1,2,5968,5968,0
3,1030,1,2,5968,5968,0
1,2001,1,2,5968,5971,2
0,2002,1,2,5972,5973,0
0,2002,0,2,5973,5973,0
6,1999,2,2,5944,5973,29
1,2001,0,2,5971,5983,12
1,2001,1,2,5983,6053,69
3,1030,0,2,5968,6054,85
3,1030,1,2,6054,6054,0
1,2001,0,2,6054,6054,0
3,1030,1,2,6054,6054,0
3,1030,1,2,6054,6054,0
3,1030,0,2,6054,6055,0
3,1030,0,2,6055,6055,0
1,2001,1,2,6054,6056,1
1,2001,0,2,6056,6075,19
0,2002,1,2,6057,6075,17
0,2002,0,2,6075,6075,0
6,1999,2,2,6033,6076,42
1,2001,0,2,6075,6106,31
0,2002,1,2,6107,6107,0
3,1030,1,2,6055,6110,54
1,2001,1,2,6106,6112,5
0,2002,1,2,6112,6113,0
0,2002,0,2,6127,6127,0
6,1999,2,2,6083,6128,44
1,2001,0,2,6127,6163,36
1,2001,1,2,6163,6164,0
0,2002,1,2,6163,6164,0
0,2002,0,2,6164,6164,0
6,1999,2,2,6138,6164,26
1,2001,0,2,6164,6195,31
3,1030,1,2,6110,6196,86
0,2002,1,2,6195,6196,0
3,1030,0,2,6196,6196,0
0,2002,0,2,6196,6196,0
6,1999,2,2,6172,6196,24
3,1030,0,2,6196,6196,0
1,2001,1,2,6196,6198,1
1,2001,0,2,6198,6199,1
0,2002,1,2,6232,6232,0
0,2002,0,2,6232,6232,0
6,1999,2,2,6208,6232,24
1,2001,1,2,6200,6234,34
1,2001,0,2,6234,6234,0
0,2002,1,2,6262,6262,0
0,2002,0,2,6262,6263,0
6,1999,2,2,6239,6263,24
1,2001,1,2,6234,6265,30
1,2001,0,2,6265,6265,0
0,2002,1,2,6293,6293,0
0,2002,0,2,6293,6293,0
6,1999,2,2,6269,6294,24
1,2001,1,2,6265,6295,30
1,2001,0,2,6295,6295,0
0,2002,1,2,6324,6324,0
0,2002,0,2,6324,6324,0
6,1999,2,2,6299,6324,24
1,2001,1,2,6295,6325,29
1,2001,0,2,6325,6326,0
0,2002,1,2,6354,6355,0
0,2002,0,2,6355,6355,0
6,1999,2,2,6330,6355,24
1,2001,1,2,6326,6356,30
1,2001,0,2,6356,6357,0
0,2002,1,2,6385,6386,0
0,2002,0,2,6386,6386,0
6,1999,2,2,6361,6386,24
1,2001,1,2,6357,6387,29
1,2001,0,2,6387,6387,0
0,2002,1,2,6416,6416,0
0,2002,0,2,6416,6416,0
6,1999,2,2,6392,6417,24
1,2001,1,2,6387,6418,30
1,2001,0,2,6418,6418,0
0,2002,1,2,6446,6447,0
0,2002,0,2,6447,6447,0
6,1999,2,2,6422,6447,24
1,2001,1,2,6418,6448,29
1,2001,0,2,6448,6449,0
0,2002,1,2,6477,6477,0
0,2002,0,2,6477,6478,0
6,1999,2,2,6453,6478,25
1,2001,1,2,6449,6479,29
1,2001,0,2,6479,6479,0
0,2002,1,2,6508,6508,0
0,2002,0,2,6508,6508,0
6,1999,2,2,6484,6508,24
1,2001,1,2,6479,6510,30
1,2001,0,2,6510,6510,0
1,2001,0,2,6510,6538,28
0,2002,1,2,6539,6539,0
0,2002,0,2,6539,6540,0
6,1999,2,2,6515,6540,25
1,2001,1,2,6538,6551,12
1,2001,0,2,6551,6578,27
3,1030,1,2,6196,6579,382
0,2002,1,2,6581,6581,0
0,2002,0,2,6581,6599,18
6,1999,2,2,6557,6600,42
1,2001,1,2,6579,6602,23
3,1030,0,2,6579,6631,52
0,2002,1,2,6632,6633,0
0,2002,0,2,6633,6633,0
3,1030,0,2,6631,6633,1
3,1030,0,2,6633,6634,0
1,2001,0,2,6602,6634,32
0,2002,0,2,6636,6636,0
1,2001,1,2,6634,6636,2
6,1999,2,2,6607,6643,35
0,2002,1,2,6688,6688,0
0,2002,0,2,6688,6688,0
3,1030,0,2,6634,6688,54
1,2001,1,2,6637,6689,52
1,2001,0,2,6689,6690,0
0,2002,0,2,6691,6697,5
6,1999,2,2,6661,6697,35
1,2001,0,2,6690,6730,39
1,2001,1,2,6730,6730,0
0,2002,1,2,6730,6731,0
0,2002,0,2,6731,6731,0
6,1999,2,2,6702,6731,28
1,2001,1,2,6730,6777,47
0,2002,1,2,6778,6778,0
0,2002,0,2,6778,6778,0
6,1999,2,2,6749,6778,28
1,2001,0,2,6777,6793,15
1,2001,0,2,6793,6826,33
3,1030,1,2,6688,6827,138
3,1030,0,2,6827,6827,0
1,2001,1,2,6827,6840,13
0,2002,1,2,6839,6840,0
3,1030,0,2,6827,6840,12
1,2001,0,2,6840,6842,1
0,2002,0,2,6840,6842,1
6,1999,2,2,6812,6842,29
1,2001,0,2,6842,6883,41
3,1030,0,2,6840,6884,43
3,1030,0,2,6884,6884,0
0,2002,1,2,6896,6896,0
1,2001,0,2,6884,6898,14
1,2001,1,2,6898,6903,5
3,1030,1,2,6884,6903,19
3,1030,1,2,6903,6911,7
0,2002,1,2,6913,6913,0
0,2002,0,2,6913,6914,0
6,1999,2,2,6863,6923,60
3,1030,0,2,6911,6953,41
0,2002,1,2,6954,6954,0
0,2002,0,2,6954,6954,0
6,1999,2,2,6927,6955,27
1,2001,0,2,6903,6955,51
1,2001,1,2,6955,6956,0
1,2001,0,2,6956,6975,19
3,1030,0,2,6953,6975,22
3,1030,1,2,6975,6975,0
3,1030,0,2,6975,6976,0
1,2001,0,2,6975,6978,2
3,1030,0,2,6976,6979,3
3,1030,1,2,6979,6979,0
3,1030,0,2,6979,6979,0
1,2001,0,2,6978,6981,2
3,1030,1,2,6979,6982,3
0,2002,1,2,6982,6983,0
0,2002,0,2,6983,6983,0
6,1999,2,2,6959,6983,23
1,2001,1,2,6981,6995,13
1,2001,0,2,6995,7039,44
0,2002,1,2,7029,7039,10
1,2001,1,2,7039,7040,0
3,1030,1,2,6982,7040,57
0,2002,1,2,7045,7045,0
0,2002,0,2,7045,7063,18
6,1999,2,2,7007,7063,56
1,2001,0,2,7040,7089,49
1,2001,1,2,7090,7090,0
3,1030,0,2,7040,7090,50
3,1030,0,2,7090,7090,0
3,1030,0,2,7090,7091,0
3,1030,1,2,7091,7092,1
3,1030,1,2,7092,7092,0
3,1030,1,2,7092,7092,0
1,2001,0,2,7090,7093,2
3,1030,1,2,7092,7093,1
1,2001,1,2,7093,7095,1
3,1030,0,2,7093,7095,2
3,1030,0,2,7095,7096,0
1,2001,0,2,7095,7097,2
0,2002,1,2,7113,7115,1
0,2002,0,2,7115,7115,0
6,1999,2,2,7066,7115,49
1,2001,0,2,7097,7150,52
0,2002,1,2,7151,7152,0
1,2001,1,2,7150,7152,1
0,2002,0,2,7152,7152,0
6,1999,2,2,7118,7163,45
1,2001,1,2,7152,7193,41
3,1030,0,2,7096,7194,98
3,1030,1,2,7194,7194,0
3,1030,1,2,7194,7194,0
1,2001,1,2,7193,7195,1
1,2001,0,2,7195,7196,0
3,1030,0,2,7194,7196,2
3,1030,1,2,7196,7196,0
3,1030,1,2,7196,7196,0
3,1030,1,2,7196,7197,0
0,2002,1,2,7197,7197,0
3,1030,0,2,7197,7197,0
0,2002,0,2,7197,7197,0
6,1999,2,2,7179,7197,17
1,2001,1,2,7196,7198,2
3,1030,0,2,7197,7198,1
1,2001,0,2,7198,7199,1
3,1030,1,2,7198,7228,29
0,2002,1,2,7228,7229,0
0,2002,1,2,7231,7231,0
3,1030,1,2,7228,7232,3
0,2002,1,2,7234,7234,0
3,1030,1,2,7232,7235,3
0,2002,1,2,7237,7238,0
3,1030,1,2,7235,7238,2
0,2002,1,2,7241,7241,0
3,1030,1,2,7238,7242,3
0,2002,1,2,7245,7245,0
0,2002,0,2,7245,7245,0
3,1030,0,2,7242,7246,3
3,1030,0,2,7246,7246,0
3,1030,0,2,7246,7248,1
0,2002,0,2,7248,7248,0
1,2001,0,2,7199,7249,49
1,2001,1,2,7249,7249,0
0,2002,0,2,7251,7251,0
6,1999,2,2,7213,7251,38
3,1030,0,2,7248,7275,26
1,2001,0,2,7249,7276,27
3,1030,1,2,7275,7277,2
0,2002,1,2,7280,7280,0
1,2001,1,2,7277,7280,3
3,1030,0,2,7277,7296,18
3,1030,0,2,7296,7296,0
0,2002,0,2,7280,7296,15
6,1999,2,2,7254,7298,43
1,2001,0,2,7280,7303,23
3,1030,0,2,7296,7332,36
3,1030,0,2,7332,7334,1
3,1030,0,2,7334,7336,2
1,2001,0,2,7303,7337,33
1,2001,1,2,7337,7343,6
3,1030,0,2,7337,7343,6
3,1030,1,2,7343,7343,0
3,1030,0,2,7343,7344,0
3,1030,0,2,7344,7344,0
3,1030,1,2,7344,7344,0
3,1030,1,2,7344,7344,0
1,2001,0,2,7344,7346,1
1,2001,1,2,7346,7347,0
0,2002,1,2,7348,7348,0
0,2002,0,2,7348,7350,2
6,1999,2,2,7309,7352,43
0,2002,1,2,7394,7394,0
0,2002,0,2,7394,7394,0
3,1030,0,2,7344,7396,51
1,2001,1,2,7347,7396,49
1,2001,0,2,7396,7398,2
0,2002,0,2,7398,7398,0
6,1999,2,2,7364,7399,34
1,2001,0,2,7398,7433,34
3,1030,1,2,7396,7434,38
0,2002,1,2,7437,7437,0
3,1030,1,2,7434,7438,3
0,2002,1,2,7439,7439,0
3,1030,1,2,7438,7440,2
0,2002,1,2,7442,7442,0
3,1030,0,2,7440,7455,15
0,2002,0,2,7442,7456,13
6,1999,2,2,7416,7456,39
3,1030,0,2,7455,7467,11
1,2001,0,2,7434,7479,45
1,2001,1,2,7479,7479,0
1,2001,0,2,7479,7515,35
3,1030,0,2,7467,7516,48
3,1030,0,2,7516,7516,0
3,1030,1,2,7516,7516,0
1,2001,0,2,7516,7517,1
3,1030,1,2,7516,7518,1
0,2002,1,2,7519,7539,19
1,2001,1,2,7517,7539,21
0,2002,0,2,7539,7540,1
6,1999,2,2,7496,7542,46
1,2001,0,2,7539,7575,36
3,1030,0,2,7518,7577,59
3,1030,0,2,7577,7577,0
3,1030,1,2,7577,7577,0
1,2001,0,2,7577,7579,2
1,2001,1,2,7580,7580,0
3,1030,1,2,7577,7580,3
3,1030,0,2,7580,7582,1
0,2002,1,2,7582,7582,0
3,1030,0,2,7582,7584,1
0,2002,0,2,7584,7584,0
1,2001,0,2,7580,7585,4
6,1999,2,2,7545,7585,40
0,2002,1,2,7606,7607,0
3,1030,1,2,7584,7607,22
0,2002,1,2,7610,7610,0
3,1030,0,2,7607,7612,5
1,2001,0,2,7585,7627,42
1,2001,1,2,7627,7627,0
3,1030,1,2,7613,7627,14
0,2002,1,2,7630,7630,0
0,2002,0,2,7630,7630,0
6,1999,2,2,7588,7640,52
1,2001,1,2,7627,7676,48
0,2002,1,2,7676,7676,0
0,2002,0,2,7676,7677,0
6,1999,2,2,7653,7677,23
1,2001,0,2,7676,7678,1
0,2002,1,2,7704,7704,0
0,2002,0,2,7704,7704,0
6,1999,2,2,7681,7704,23
1,2001,1,2,7678,7705,27
1,2001,0,2,7705,7706,1
0,2002,1,2,7732,7732,0
0,2002,0,2,7732,7733,0
6,1999,2,2,7709,7733,23
1,2001,1,2,7706,7734,27
1,2001,0,2,7734,7735,1
0,2002,1,2,7761,7761,0
0,2002,0,2,7761,7761,0
6,1999,2,2,7738,7761,23
1,2001,1,2,7735,7762,26
1,2001,0,2,7762,7763,1
0,2002,1,2,7789,7789,0
0,2002,0,2,7789,7789,0
6,1999,2,2,7766,7789,23
1,2001,1,2,7763,7790,27
1,2001,0,2,7790,7791,1
0,2002,1,2,7818,7818,0
0,2002,0,2,7818,7818,0
6,1999,2,2,7795,7818,23
1,2001,1,2,7791,7819,27
1,2001,0,2,7819,7820,0
0,2002,1,2,7847,7847,0
0,2002,0,2,7847,7847,0
6,1999,2,2,7824,7847,23
1,2001,1,2,7820,7848,27
1,2001,0,2,7848,7849,0
0,2002,1,2,7875,7875,0
0,2002,0,2,7875,7875,0
6,1999,2,2,7852,7875,23
1,2001,1,2,7849,7877,27
1,2001,0,2,7877,7877,0
0,2002,1,2,7904,7904,0
0,2002,0,2,7904,7904,0
3,1030,0,2,7627,7904,276
1,2001,0,2,7878,7905,27
0,2002,0,2,7908,7908,0
6,1999,2,2,7881,7908,26
1,2001,1,2,7923,7923,0
1,2001,0,2,7923,7949,25
3,1030,1,2,7904,7949,44
3,1030,0,2,7949,7949,0
3,1030,0,2,7949,7949,0
1,2001,0,2,7949,7952,2
3,1030,1,2,7949,7952,2
3,1030,0,2,7952,7952,0
3,1030,0,2,7952,7952,0
1,2001,0,2,7952,7954,2
3,1030,1,2,7952,7955,2
3,1030,0,2,7955,7955,0
3,1030,0,2,7955,7955,0
1,2001,0,2,7955,7957,2
3,1030,1,2,7955,7958,2
3,1030,0,2,7958,7958,0
3,1030,0,2,7958,7958,0
0,2002,1,2,7958,7958,0
3,1030,1,2,7958,7959,1
0,2002,1,2,7963,7963,0
1,2001,0,2,7958,7963,5
1,2001,1,2,7963,7979,16
3,1030,1,2,7963,7979,16
0,2002,1,2,7982,7982,0
0,2002,0,2,7982,7983,0
6,1999,2,2,7926,7983,56
0,2002,1,2,8015,8015,0
0,2002,0,2,8015,8015,0
3,1030,0,2,7979,8016,36
1,2001,0,2,7979,8016,36
1,2001,1,2,8016,8016,0
0,2002,0,2,8019,8019,0
6,1999,2,2,7986,8020,33
3,1030,0,2,8016,8049,32
0,2002,1,2,8050,8050,0
0,2002,0,2,8050,8050,0
6,1999,2,2,8024,8050,26
1,2001,0,2,8016,8051,34
1,2001,1,2,8051,8052,1
3,1030,0,2,8049,8078,28
0,2002,1,2,8079,8079,0
0,2002,0,2,8079,8079,0
6,1999,2,2,8056,8079,23
1,2001,0,2,8052,8080,28
1,2001,1,2,8080,8080,0
0,2002,1,2,8107,8108,0
0,2002,0,2,8108,8108,0
6,1999,2,2,8084,8108,23
1,2001,0,2,8080,8109,28
1,2001,1,2,8109,8109,0
0,2002,1,2,8136,8136,0
0,2002,0,2,8136,8136,0
6,1999,2,2,8113,8136,23
1,2001,1,2,8109,8137,28
1,2001,0,2,8137,8137,0
1,2001,0,2,8137,8189,51
0,2002,1,2,8188,8189,0
0,2002,0,2,8189,8189,0
1,2001,1,2,8189,8189,0
6,1999,2,2,8164,8189,24
0,2002,1,2,8218,8218,0
1,2001,1,2,8189,8218,29
1,2001,0,2,8218,8218,0
0,2002,0,2,8218,8218,0
6,1999,2,2,8193,8218,25
1,2001,0,2,8218,8247,28
1,2001,1,2,8247,8247,0
0,2002,1,2,8248,8248,0
0,2002,0,2,8248,8248,0
6,1999,2,2,8223,8248,25
0,2002,1,2,8275,8276,0
1,2001,0,2,8247,8276,28
1,2001,1,2,8276,8276,0
0,2002,0,2,8276,8276,0
6,1999,2,2,8252,8276,24
0,2002,1,2,8304,8305,0
1,2001,0,2,8276,8305,28
1,2001,1,2,8305,8305,0
0,2002,0,2,8305,8305,0
6,1999,2,2,8280,8305,24
1,2001,1,2,8305,8333,28
1,2001,0,2,8333,8333,0
0,2002,1,2,8334,8334,0
0,2002,0,2,8334,8335,1
6,1999,2,2,8309,8336,27
1,2001,0,2,8333,8364,31
1,2001,1,2,8364,8365,0
0,2002,1,2,8365,8365,0
0,2002,0,2,8365,8365,0
6,1999,2,2,8340,8365,25
1,2001,1,2,8365,8393,28
1,2001,0,2,8393,8393,0
0,2002,1,2,8393,8394,0
0,2002,0,2,8394,8394,0
6,1999,2,2,8370,8394,24
1,2001,0,2,8393,8423,29
1,2001,1,2,8423,8423,0
0,2002,1,2,8423,8423,0
0,2002,0,2,8423,8423,0
6,1999,2,2,8398,8424,25
1,2001,1,2,8423,8453,30
1,2001,0,2,8453,8454,0
0,2002,1,2,8454,8455,0
0,2002,0,2,8455,8455,0
6,1999,2,2,8429,8455,26
1,2001,1,2,8454,8484,30
1,2001,0,2,8484,8484,0
0,2002,1,2,8484,8485,0
0,2002,0,2,8485,8485,0
6,1999,2,2,8460,8485,24
3,1030,0,2,8078,8514,436
0,2002,1,2,8514,8515,0
0,2002,0,2,8515,8515,0
3,1030,0,2,8514,8516,1
1,2001,0,2,8484,8521,36
0,2002,0,2,8517,8531,13
1,2001,1,2,8521,8532,10
6,1999,2,2,8490,8532,41
0,2002,1,2,8592,8597,4
1,2001,0,2,8532,8603,71
3,1030,1,2,8516,8603,87
1,2001,1,2,8603,8604,0
0,2002,1,2,8606,8634,28
0,2002,0,2,8634,8643,9
6,1999,2,2,8567,8659,91
1,2001,0,2,8604,8706,102
3,1030,0,2,8603,8707,103
3,1030,0,2,8707,8707,0
1,2001,0,2,8707,8710,3
3,1030,1,2,8707,8711,3
3,1030,0,2,8711,8711,0
3,1030,0,2,8711,8711,0
1,2001,0,2,8711,8714,2
3,1030,1,2,8711,8714,2
3,1030,0,2,8714,8715,0
3,1030,0,2,8715,8715,0
3,1030,1,2,8715,8715,0
1,2001,0,2,8714,8716,1
1,2001,1,2,8717,8717,0
3,1030,0,2,8715,8717,2
3,1030,0,2,8717,8717,0
3,1030,1,2,8717,8720,2
1,2001,0,2,8717,8735,18
0,2002,1,2,8736,8736,0
0,2002,0,2,8736,8736,0
6,1999,2,2,8680,8736,56
3,1030,0,2,8720,8782,62
3,1030,0,2,8782,8785,2
1,2001,1,2,8735,8787,52
3,1030,1,2,8785,8789,3
3,1030,1,2,8789,8789,0
1,2001,0,2,8789,8790,1
1,2001,1,2,8790,8791,1
3,1030,0,2,8789,8795,5
0,2002,1,2,8807,8807,0
0,2002,0,2,8807,8811,4
6,1999,2,2,8758,8812,53
0,2002,1,2,8844,8844,0
3,1030,1,2,8795,8845,50
1,2001,0,2,8791,8875,84
1,2001,1,2,8875,8875,0
0,2002,1,2,8848,8875,27
0,2002,0,2,8875,8876,0
6,1999,2,2,8820,8876,56
3,1030,1,2,8845,8967,122
1,2001,0,2,8875,8971,95
0,2002,1,2,8967,8971,4
3,1030,1,2,8968,8971,3
1,2001,1,2,8971,8973,2
0,2002,1,2,8975,8975,0
0,2002,0,2,8975,8975,0
6,1999,2,2,8935,8975,39
3,1030,0,2,8971,9011,39
1,2001,0,2,8973,9011,37
3,1030,0,2,9011,9011,0
3,1030,1,2,9011,9011,0
3,1030,0,2,9011,9013,1
1,2001,0,2,9011,9013,2
1,2001,1,2,9013,9013,0
0,2002,1,2,9013,9023,10
0,2002,0,2,9023,9024,0
6,1999,2,2,8979,9024,44
3,1030,1,2,9013,9076,62
0,2002,1,2,9073,9076,2
0,2002,1,2,9079,9079,0
3,1030,0,2,9076,9079,2
0,2002,0,2,9079,9079,0
6,1999,2,2,9048,9079,31
1,2001,0,2,9013,9079,65
1,2001,1,2,9079,9084,4
0,2002,1,2,9113,9114,0
3,1030,1,2,9079,9114,35
3,1030,0,2,9114,9116,2
1,2001,0,2,9084,9117,32
0,2002,1,2,9119,9120,0
0,2002,0,2,9120,9120,0
6,1999,2,2,9088,9120,31
1,2001,1,2,9117,9123,6
1,2001,0,2,9123,9156,32
0,2002,1,2,9164,9165,0
1,2001,1,2,9165,9165,0
3,1030,1,2,9116,9165,48
3,1030,0,2,9165,9165,0
0,2002,0,2,9165,9165,0
3,1030,0,2,9165,9165,0
6,1999,2,2,9127,9165,37
1,2001,0,2,9165,9168,3
3,1030,0,2,9165,9239,73
3,1030,0,2,9239,9244,4
1,2001,1,2,9168,9247,78
3,1030,1,2,9244,9248,4
3,1030,0,2,9248,9248,0
3,1030,1,2,9248,9248,0
1,2001,0,2,9248,9249,1
3,1030,1,2,9248,9249,1
3,1030,0,2,9249,9249,0
3,1030,0,2,9249,9250,0
1,2001,1,2,9249,9250,0
3,1030,0,2,9250,9251,1
3,1030,1,2,9251,9251,0
3,1030,1,2,9251,9251,0
1,2001,0,2,9251,9252,1
3,1030,1,2,9251,9253,2
3,1030,0,2,9253,9253,0
0,2002,1,2,9253,9253,0
3,1030,0,2,9253,9253,0
1,2001,1,2,9253,9253,0
0,2002,0,2,9253,9254,0
6,1999,2,2,9235,9254,18
1,2001,0,2,9253,9256,2
1,2001,0,2,9256,9290,34
3,1030,1,2,9253,9298,44
1,2001,1,2,9290,9298,8
0,2002,1,2,9298,9299,0
0,2002,0,2,9299,9299,0
6,1999,2,2,9260,9299,38
0,2002,1,2,9318,9318,0
3,1030,1,2,9298,9331,33
0,2002,1,2,9335,9335,0
1,2001,0,2,9298,9336,37
3,1030,1,2,9331,9336,4
1,2001,1,2,9336,9336,0
0,2002,1,2,9338,9338,0
0,2002,0,2,9339,9339,0
6,1999,2,2,9302,9339,36
0,2002,1,2,9387,9387,0
3,1030,1,2,9336,9388,51
0,2002,1,2,9389,9390,0
3,1030,1,2,9388,9390,2
0,2002,1,2,9393,9395,1
3,1030,0,2,9390,9395,4
0,2002,0,2,9395,9395,0
6,1999,2,2,9366,9395,29
1,2001,0,2,9336,9396,60
1,2001,1,2,9396,9399,2
0,2002,1,2,9465,9465,0
3,1030,1,2,9395,9465,70
0,2002,1,2,9468,9468,0
1,2001,0,2,9399,9476,77
0,2002,0,2,9468,9476,7
6,1999,2,2,9439,9476,36
1,2001,1,2,9476,9476,0
0,2002,1,2,9506,9506,0
0,2002,0,2,9506,9506,0
6,1999,2,2,9479,9506,27
1,2001,0,2,9476,9508,32
1,2001,1,2,9508,9509,0
1,2001,0,2,9509,9539,30
0,2002,1,2,9540,9540,0
0,2002,0,2,9540,9540,0
6,1999,2,2,9512,9541,28
1,2001,1,2,9539,9542,3
1,2001,0,2,9542,9569,26
3,1030,0,2,9466,9570,104
3,1030,0,2,9571,9571,0
3,1030,1,2,9571,9571,0
0,2002,1,2,9572,9572,0
1,2001,0,2,9570,9572,2
1,2001,1,2,9572,9575,3
0,2002,0,2,9572,9587,15
6,1999,2,2,9545,9590,44
3,1030,0,2,9571,9626,54
1,2001,0,2,9575,9627,51
0,2002,1,2,9628,9628,0
3,1030,1,2,9626,9628,2
0,2002,0,2,9628,9629,0
6,1999,2,2,9596,9629,32
3,1030,0,2,9628,9629,0
3,1030,0,2,9629,9629,0
1,2001,0,2,9628,9631,2
1,2001,1,2,9631,9638,7
1,2001,0,2,9638,9702,63
1,2001,1,2,9702,9702,0
0,2002,1,2,9702,9703,0
0,2002,0,2,9711,9712,0
6,1999,2,2,9657,9712,55
0,2002,1,2,9733,9734,0
3,1030,1,2,9629,9739,110
1,2001,0,2,9702,9739,37
3,1030,0,2,9739,9740,0
1,2001,1,2,9740,9742,2
0,2002,1,2,9742,9755,13
0,2002,0,2,9755,9769,13
6,1999,2,2,9715,9769,54
0,2002,1,2,9801,9801,0
3,1030,1,2,9740,9802,61
0,2002,1,2,9803,9804,0
0,2002,0,2,9804,9804,0
6,1999,2,2,9780,9804,23
1,2001,0,2,9742,9804,62
1,2001,1,2,9804,9809,4
0,2002,1,2,9834,9835,0
1,2001,1,2,9809,9835,25
1,2001,0,2,9835,9836,1
3,1030,1,2,9802,9844,42
0,2002,1,2,9846,9846,0
0,2002,0,2,9846,9847,0
6,1999,2,2,9812,9847,34
3,1030,0,2,9844,9872,28
1,2001,0,2,9836,9873,36
1,2001,1,2,9873,9875,2
0,2002,1,2,9875,9875,0
0,2002,0,2,9875,9875,0
6,1999,2,2,9849,9875,25
1,2001,0,2,9875,9901,26
0,2002,1,2,9902,9902,0
3,1030,1,2,9872,9902,29
3,1030,0,2,9902,9902,0
3,1030,0,2,9902,9902,0
0,2002,0,2,9902,9902,0
6,1999,2,2,9878,9902,23
1,2001,1,2,9902,9903,1
1,2001,0,2,9903,9905,1
0,2002,1,2,9939,9940,0
0,2002,0,2,9940,9940,0
6,1999,2,2,9917,9940,23
1,2001,1,2,9905,9941,36
1,2001,0,2,9941,9942,0
0,2002,1,2,9967,9968,0
0,2002,0,2,9968,9968,0
6,1999,2,2,9945,9968,23
1,2001,1,2,9942,9969,27
1,2001,0,2,9969,9970,0
0,2002,1,2,9996,9996,0
0,2002,0,2,9996,9996,0
6,1999,2,2,9973,9996,23
1,2001,0,2,9970,9998,27
1,2001,1,2,9998,9998,0
0,2002,1,2,10024,10024,0
1,2001,1,2,9998,10025,26
3,1030,1,2,9902,10025,122
1,2001,0,2,10025,10026,1
0,2002,1,2,10027,10031,4
0,2002,0,2,10031,10031,0
6,1999,2,2,10002,10031,29
3,1030,0,2,10025,10056,30
1,2001,0,2,10026,10056,30
3,1030,0,2,10056,10057,1
3,1030,1,2,10057,10057,0
3,1030,0,2,10057,10057,0
0,2002,1,2,10056,10058,1
1,2001,1,2,10057,10058,1
0,2002,0,2,10058,10058,0
6,1999,2,2,10034,10058,24
1,2001,0,2,10058,10059,0
0,2002,1,2,10093,10093,0
3,1030,1,2,10057,10094,36
1,2001,0,2,10059,10095,35
1,2001,1,2,10095,10095,0
0,2002,1,2,10096,10109,13
0,2002,0,2,10110,10110,0
6,1999,2,2,10072,10110,38
1,2001,0,2,10095,10152,56
0,2002,1,2,10153,10153,0
0,2002,0,2,10153,10153,0
6,1999,2,2,10127,10153,25
1,2001,1,2,10152,10153,1
3,1030,0,2,10094,10177,83
1,2001,0,2,10153,10179,25
0,2002,1,2,10181,10181,0
0,2002,0,2,10181,10183,2
1,2001,1,2,10179,10183,4
6,1999,2,2,10156,10184,27
1,2001,0,2,10183,10209,25
0,2002,1,2,10210,10210,0
3,1030,0,2,10177,10210,32
3,1030,1,2,10210,10210,0
3,1030,0,2,10210,10210,0
0,2002,0,2,10210,10210,0
6,1999,2,2,10187,10211,23
1,2001,1,2,10210,10211,0
1,2001,0,2,10211,10213,2
1,2001,0,2,10213,10241,27
3,1030,1,2,10210,10242,31
1,2001,1,2,10242,10242,0
3,1030,0,2,10242,10242,0
3,1030,0,2,10242,10242,0
3,1030,1,2,10242,10244,1
1,2001,0,2,10243,10244,0
3,1030,0,2,10244,10244,0
3,1030,1,2,10244,10244,0
3,1030,0,2,10244,10245,1
1,2001,1,2,10245,10245,0
3,1030,1,2,10245,10247,2
1,2001,0,2,10245,10247,1
0,2002,1,2,10248,10248,0
3,1030,0,2,10247,10248,0
0,2002,0,2,10248,10248,0
6,1999,2,2,10216,10248,31
3,1030,0,2,10248,10277,28
1,2001,0,2,10247,10277,29
0,2002,1,2,10277,10277,0
0,2002,0,2,10277,10278,0
6,1999,2,2,10251,10278,26
1,2001,1,2,10277,10295,18
0,2002,1,2,10320,10320,0
3,1030,1,2,10277,10321,43
1,2001,0,2,10296,10328,32
3,1030,1,2,10321,10328,7
3,1030,1,2,10328,10333,5
3,1030,1,2,10333,10333,0
3,1030,1,2,10333,10336,3
3,1030,1,2,10336,10340,3
0,2002,1,2,10340,10343,3
0,2002,0,2,10343,10343,0
1,2001,1,2,10328,10343,15
6,1999,2,2,10298,10344,45
3,1030,0,2,10340,10364,23
3,1030,0,2,10364,10367,3
3,1030,0,2,10367,10370,2
3,1030,0,2,10370,10373,3
1,2001,0,2,10344,10375,31
1,2001,1,2,10375,10376,1
0,2002,1,2,10376,10376,0
0,2002,0,2,10381,10382,0
6,1999,2,2,10346,10382,35
3,1030,0,2,10373,10412,38
1,2001,0,2,10376,10412,35
3,1030,1,2,10412,10413,0
3,1030,0,2,10413,10413,0
3,1030,0,2,10413,10413,0
1,2001,1,2,10412,10414,1
0,2002,1,2,10414,10414,0
0,2002,0,2,10414,10414,0
6,1999,2,2,10384,10414,30
1,2001,0,2,10414,10416,2
0,2002,1,2,10452,10452,0
3,1030,1,2,10413,10452,39
1,2001,1,2,10416,10458,41
1,2001,0,2,10458,10458,0
0,2002,1,2,10466,10466,0
0,2002,0,2,10466,10467,0
6,1999,2,2,10428,10467,38
3,1030,0,2,10453,10497,44
1,2001,0,2,10459,10498,39
0,2002,1,2,10499,10500,0
0,2002,0,2,10500,10500,0
6,1999,2,2,10470,10500,30
1,2001,1,2,10498,10511,13
1,2001,0,2,10511,10550,38
3,1030,1,2,10497,10556,58
3,1030,0,2,10556,10556,0
1,2001,1,2,10551,10558,7
3,1030,0,2,10556,10558,2
0,2002,1,2,10558,10558,0
0,2002,0,2,10558,10558,0
6,1999,2,2,10523,10559,36
1,2001,0,2,10558,10563,5
3,1030,0,2,10558,10609,51
0,2002,1,2,10612,10612,0
0,2002,0,2,10612,10612,0
1,2001,0,2,10563,10613,49
3,1030,0,2,10609,10613,3
1,2001,1,2,10613,10613,0
0,2002,0,2,10617,10627,10
6,1999,2,2,10579,10627,48
0,2002,1,2,10668,10669,0
3,1030,1,2,10613,10669,56
1,2001,0,2,10613,10671,58
0,2002,1,2,10673,10673,0
0,2002,0,2,10673,10673,0
6,1999,2,2,10641,10673,32
1,2001,1,2,10671,10674,3
0,2002,1,2,10705,10705,0
0,2002,0,2,10705,10705,0
3,1030,0,2,10669,10706,36
1,2001,0,2,10674,10706,31
1,2001,1,2,10706,10709,2
0,2002,0,2,10709,10709,0
6,1999,2,2,10678,10709,31
1,2001,0,2,10709,10740,31
3,1030,1,2,10706,10741,34
0,2002,1,2,10741,10742,0
3,1030,1,2,10742,10743,1
3,1030,1,2,10747,10747,0
0,2002,1,2,10747,10747,0
3,1030,1,2,10747,10747,0
1,2001,1,2,10740,10748,7
3,1030,1,2,10747,10748,0
0,2002,1,2,10752,10752,0
0,2002,0,2,10752,10759,7
6,1999,2,2,10712,10759,46
3,1030,0,2,10748,10788,40
1,2001,0,2,10748,10797,49
0,2002,1,2,10800,10801,0
1,2001,1,2,10797,10804,6
0,2002,0,2,10801,10804,3
6,1999,2,2,10765,10804,38
3,1030,0,2,10788,10841,52
3,1030,0,2,10841,10843,2
3,1030,0,2,10843,10845,2
3,1030,0,2,10845,10847,1
3,1030,0,2,10847,10849,2
1,2001,1,2,10804,10852,47
3,1030,0,2,10849,10871,21
3,1030,1,2,10871,10871,0
3,1030,1,2,10871,10871,0
1,2001,0,2,10852,10871,19
1,2001,1,2,10871,10871,0
0,2002,1,2,10871,10872,0
0,2002,0,2,10872,10872,0
6,1999,2,2,10824,10872,47
1,2001,0,2,10871,10918,46
3,1030,0,2,10871,10919,47
3,1030,1,2,10919,10919,0
3,1030,0,2,10919,10919,0
1,2001,0,2,10919,10922,3
0,2002,1,2,10923,10923,0
3,1030,0,2,10919,10923,4
3,1030,1,2,10923,10923,0
3,1030,0,2,10923,10924,0
0,2002,0,2,10924,10924,0
6,1999,2,2,10897,10924,26
1,2001,1,2,10923,10924,0
1,2001,0,2,10924,10927,3
1,2001,0,2,10927,10962,34
3,1030,1,2,10924,10962,38
0,2002,1,2,10964,10964,0
1,2001,1,2,10962,10964,2
0,2002,0,2,10964,10964,0
6,1999,2,2,10938,10965,26
1,2001,0,2,10964,10993,28
1,2001,1,2,10993,10994,1
0,2002,1,2,10994,10994,0
0,2002,0,2,10994,10995,0
6,1999,2,2,10968,10995,26
1,2001,0,2,10994,11023,28
0,2002,1,2,11024,11025,0
1,2001,1,2,11023,11025,1
0,2002,0,2,11025,11025,0
6,1999,2,2,10999,11025,26
1,2001,0,2,11025,11055,29
1,2001,1,2,11055,11055,0
0,2002,1,2,11055,11056,0
0,2002,0,2,11056,11056,0
6,1999,2,2,11029,11056,26
1,2001,0,2,11055,11085,29
0,2002,1,2,11085,11085,0
1,2001,1,2,11085,11086,0
0,2002,0,2,11085,11086,0
6,1999,2,2,11060,11086,26
1,2001,0,2,11086,11115,29
0,2002,1,2,11116,11117,0
0,2002,0,2,11117,11117,0
1,2001,1,2,11115,11117,1
6,1999,2,2,11091,11117,26
1,2001,0,2,11117,11146,29
1,2001,1,2,11146,11147,0
0,2002,1,2,11147,11147,0
0,2002,0,2,11147,11148,0
6,1999,2,2,11121,11148,26
1,2001,1,2,11147,11176,29
1,2001,0,2,11176,11177,0
0,2002,1,2,11177,11177,0
0,2002,0,2,11177,11177,0
6,1999,2,2,11151,11177,26
0,2002,1,2,11203,11205,1
1,2001,0,2,11177,11205,28
3,1030,1,2,10962,11207,245
3,1030,0,2,11207,11207,0
1,2001,1,2,11205,11208,2
0,2002,1,2,11207,11208,0
0,2002,0,2,11208,11208,0
6,1999,2,2,11182,11208,26
1,2001,0,2,11208,11234,26
3,1030,1,2,11207,11235,27
0,2002,1,2,11235,11235,0
0,2002,0,2,11236,11236,0
6,1999,2,2,11212,11236,24
1,2001,1,2,11234,11239,5
3,1030,0,2,11235,11281,46
1,2001,0,2,11240,11282,42
1,2001,1,2,11282,11283,1
0,2002,1,2,11286,11286,0
0,2002,0,2,11286,11287,0
6,1999,2,2,11259,11287,28
1,2001,0,2,11283,11314,30
3,1030,1,2,11281,11314,33
3,1030,0,2,11314,11315,0
3,1030,0,2,11315,11315,0
1,2001,1,2,11314,11315,0
3,1030,1,2,11315,11316,0
3,1030,0,2,11316,11316,0
3,1030,1,2,11316,11316,0
1,2001,0,2,11315,11317,1
3,1030,1,2,11316,11317,1
3,1030,0,2,11317,11318,0
1,2001,1,2,11317,11318,0
3,1030,0,2,11318,11318,0
3,1030,0,2,11318,11318,0
3,1030,1,2,11318,11318,0
3,1030,1,2,11318,11318,0
1,2001,0,2,11318,11320,2
1,2001,1,2,11320,11321,0
0,2002,1,2,11321,11321,0
0,2002,0,2,11321,11321,0
6,1999,2,2,11290,11321,31
0,2002,1,2,11348,11349,0
3,1030,1,2,11318,11349,30
1,2001,0,2,11321,11350,29
1,2001,1,2,11350,11351,0
0,2002,1,2,11366,11367,1
0,2002,0,2,11367,11368,0
6,1999,2,2,11323,11368,44
0,2002,1,2,11388,11388,0
3,1030,1,2,11349,11390,40
3,1030,0,2,11390,11397,7
3,1030,0,2,11397,11399,2
3,1030,0,2,11399,11402,3
0,2002,1,2,11391,11402,10
0,2002,0,2,11402,11403,0
3,1030,0,2,11402,11403,1
1,2001,1,2,11351,11404,53
1,2001,0,2,11404,11405,0
0,2002,0,2,11406,11406,0
6,1999,2,2,11372,11406,34
0,2002,1,2,11429,11429,0
3,1030,1,2,11403,11430,26
0,2002,1,2,11432,11432,0
3,1030,1,2,11430,11433,3
0,2002,1,2,11436,11436,0
3,1030,1,2,11433,11437,3
0,2002,1,2,11438,11438,0
3,1030,1,2,11437,11439,2
0,2002,1,2,11441,11442,0
3,1030,1,2,11439,11442,3
3,1030,0,2,11442,11445,2
1,2001,0,2,11405,11445,39
0,2002,1,2,11445,11445,0
0,2002,0,2,11446,11446,0
6,1999,2,2,11409,11446,36
1,2001,1,2,11445,11448,3
1,2001,0,2,11448,11498,49
3,1030,1,2,11445,11499,53
3,1030,0,2,11499,11499,0
3,1030,0,2,11499,11499,0
1,2001,0,2,11499,11501,2
3,1030,1,2,11499,11502,2
3,1030,0,2,11502,11502,0
3,1030,0,2,11502,11502,0
1,2001,0,2,11502,11504,2
3,1030,1,2,11502,11505,2
3,1030,0,2,11505,11505,0
3,1030,0,2,11505,11505,0
1,2001,0,2,11505,11507,2
3,1030,0,2,11505,11507,2
3,1030,0,2,11507,11507,0
1,2001,1,2,11514,11514,0
1,2001,0,2,11514,11514,0
0,2002,1,2,11514,11514,0
3,1030,1,2,11507,11514,6
0,2002,0,2,11514,11514,0
6,1999,2,2,11483,11514,31
0,2002,1,2,11550,11560,9
3,1030,0,2,11514,11560,45
0,2002,0,2,11560,11560,0
1,2001,0,2,11514,11562,48
1,2001,1,2,11562,11563,0
0,2002,0,2,11565,11565,0
3,1030,0,2,11560,11565,4
6,1999,2,2,11528,11565,37
1,2001,0,2,11563,11595,32
3,1030,1,2,11565,11607,42
1,2001,1,2,11596,11608,11
3,1030,0,2,11607,11608,0
3,1030,0,2,11608,11608,0
0,2002,1,2,11608,11608,0
0,2002,0,2,11608,11610,2
6,1999,2,2,11572,11610,38
1,2001,0,2,11608,11623,15
0,2002,1,2,11658,11659,0
3,1030,1,2,11608,11660,51
1,2001,0,2,11623,11660,36
1,2001,1,2,11660,11663,2
0,2002,1,2,11662,11663,0
0,2002,0,2,11663,11663,0
6,1999,2,2,11638,11663,25
1,2001,0,2,11663,11698,34
3,1030,1,2,11660,11698,38
3,1030,0,2,11698,11698,0
3,1030,0,2,11698,11699,0
1,2001,0,2,11698,11700,1
1,2001,1,2,11700,11735,35
0,2002,1,2,11702,11735,33
0,2002,0,2,11735,11736,0
6,1999,2,2,11679,11736,56
1,2001,0,2,11735,11782,46
3,1030,0,2,11699,11783,84
3,1030,0,2,11783,11783,0
3,1030,1,2,11783,11783,0
1,2001,0,2,11783,11785,2
1,2001,1,2,11786,11786,0
3,1030,0,2,11783,11786,2
3,1030,0,2,11786,11786,0
3,1030,1,2,11786,11786,0
0,2002,1,2,11788,11788,0
0,2002,0,2,11788,11788,0
6,1999,2,2,11760,11788,28
1,2001,0,2,11786,11789,3
0,2002,1,2,11819,11819,0
1,2001,0,2,11789,11832,42
1,2001,1,2,11832,11832,0
0,2002,0,2,11819,11832,12
6,1999,2,2,11795,11832,37
0,2002,1,2,11861,11861,0
3,1030,0,2,11786,11861,75
3,1030,1,2,11862,11864,1
1,2001,1,2,11832,11864,32
0,2002,1,2,11864,11864,0
0,2002,0,2,11864,11865,0
6,1999,2,2,11840,11865,24
1,2001,0,2,11864,11866,2
0,2002,1,2,11889,11890,0
3,1030,1,2,11864,11890,26
1,2001,0,2,11866,11907,41
0,2002,1,2,11892,11907,15
1,2001,1,2,11907,11908,0
0,2002,0,2,11907,11908,0
6,1999,2,2,11871,11908,36
3,1030,0,2,11891,11947,56
1,2001,0,2,11908,11951,43
0,2002,1,2,11947,11951,4
0,2002,0,2,11951,11952,0
6,1999,2,2,11927,11952,24
1,2001,1,2,11951,11953,1
0,2002,1,2,11998,11998,0
3,1030,1,2,11947,11999,51
0,2002,1,2,12000,12001,0
1,2001,0,2,11953,12011,58
3,1030,1,2,11999,12012,12
1,2001,1,2,12011,12013,1
0,2002,1,2,12014,12014,0
0,2002,0,2,12014,12014,0
6,1999,2,2,11978,12015,36
0,2002,1,2,12064,12064,0
0,2002,0,2,12064,12064,0
1,2001,0,2,12013,12064,51
1,2001,1,2,12064,12066,1
6,1999,2,2,12039,12070,30
0,2002,1,2,12121,12121,0
0,2002,0,2,12121,12144,23
6,1999,2,2,12097,12144,46
1,2001,0,2,12066,12144,78
1,2001,1,2,12144,12144,0
0,2002,1,2,12176,12176,0
1,2001,0,2,12144,12176,31
3,1030,1,2,12012,12177,165
3,1030,1,2,12177,12177,0
0,2002,1,2,12180,12180,0
0,2002,0,2,12180,12180,0
6,1999,2,2,12152,12180,28
1,2001,1,2,12176,12182,5
3,1030,0,2,12178,12216,38
1,2001,0,2,12182,12216,34
3,1030,1,2,12216,12218,1
3,1030,0,2,12218,12218,0
3,1030,0,2,12218,12218,0
1,2001,1,2,12217,12219,1
1,2001,0,2,12220,12220,0
3,1030,1,2,12218,12220,2
3,1030,1,2,12220,12220,0
3,1030,0,2,12220,12221,0
3,1030,1,2,12221,12221,0
1,2001,1,2,12221,12223,1
0,2002,1,2,12226,12226,0
0,2002,0,2,12226,12227,1
6,1999,2,2,12191,12228,36
3,1030,0,2,12221,12230,8
1,2001,0,2,12223,12230,7
3,1030,0,2,12230,12231,0
3,1030,0,2,12231,12260,29
1,2001,0,2,12230,12261,31
3,1030,0,2,12260,12262,2
3,1030,1,2,12262,12262,0
3,1030,0,2,12262,12263,0
1,2001,1,2,12262,12263,0
3,1030,0,2,12263,12264,1
3,1030,1,2,12264,12264,0
3,1030,1,2,12264,12264,0
1,2001,0,2,12264,12265,0
1,2001,1,2,12265,12266,1
0,2002,1,2,12268,12268,0
0,2002,0,2,12268,12278,10
6,1999,2,2,12235,12278,43
1,2001,0,2,12266,12323,57
1,2001,1,2,12323,12323,0
3,1030,0,2,12264,12324,59
3,1030,0,2,12324,12324,0
0,2002,1,2,12340,12341,0
0,2002,0,2,12341,12342,1
6,1999,2,2,12291,12342,51
0,2002,1,2,12385,12386,0
3,1030,1,2,12324,12386,62
1,2001,0,2,12323,12387,63
1,2001,1,2,12387,12387,0
0,2002,1,2,12401,12401,0
0,2002,0,2,12401,12401,0
6,1999,2,2,12363,12402,38
1,2001,1,2,12387,12443,55
1,2001,0,2,12443,12443,0
0,2002,1,2,12444,12444,0
0,2002,0,2,12444,12444,0
6,1999,2,2,12405,12451,46
1,2001,1,2,12443,12494,50
3,1030,0,2,12387,12494,107
3,1030,1,2,12494,12495,0
3,1030,1,2,12495,12495,0
1,2001,0,2,12494,12514,19
1,2001,1,2,12514,12514,0
0,2002,1,2,12514,12514,0
0,2002,0,2,12514,12514,0
6,1999,2,2,12470,12514,44
0,2002,1,2,12565,12566,0
3,1030,1,2,12495,12566,71
1,2001,0,2,12514,12583,69
1,2001,1,2,12583,12583,0
0,2002,1,2,12586,12587,0
0,2002,0,2,12587,12587,0
6,1999,2,2,12544,12587,43
1,2001,0,2,12583,12615,31
0,2002,1,2,12633,12634,0
3,1030,1,2,12569,12634,64
3,1030,0,2,12634,12634,0
3,1030,0,2,12634,12634,0
3,1030,1,2,12634,12635,0
1,2001,1,2,12634,12635,1
1,2001,0,2,12635,12638,2
0,2002,1,2,12640,12643,2
0,2002,0,2,12643,12643,0
6,1999,2,2,12591,12643,52
1,2001,0,2,12638,12684,46
3,1030,0,2,12635,12688,53
3,1030,1,2,12688,12688,0
3,1030,0,2,12688,12688,0
0,2002,1,2,12689,12689,0
0,2002,0,2,12689,12690,0
6,1999,2,2,12666,12690,23
1,2001,0,2,12688,12690,2
1,2001,1,2,12691,12691,0
1,2001,0,2,12691,12727,36
3,1030,0,2,12688,12728,39
0,2002,1,2,12716,12728,11
1,2001,1,2,12727,12743,15
3,1030,1,2,12728,12743,15
0,2002,1,2,12747,12775,28
0,2002,0,2,12775,12776,0
6,1999,2,2,12695,12776,80
3,1030,0,2,12743,12822,78
1,2001,0,2,12743,12824,81
3,1030,0,2,12822,12828,6
3,1030,0,2,12828,12828,0
1,2001,0,2,12825,12828,3
3,1030,1,2,12828,12843,15
1,2001,1,2,12828,12843,15
0,2002,1,2,12828,12843,15
0,2002,0,2,12844,12851,7
6,1999,2,2,12800,12851,51
0,2002,1,2,12881,12881,0
1,2001,1,2,12843,12881,37
0,2002,0,2,12881,12881,0
6,1999,2,2,12855,12881,26
1,2001,0,2,12881,12882,0
0,2002,1,2,12912,12914,1
1,2001,0,2,12882,12914,32
1,2001,1,2,12914,12927,12
3,1030,1,2,12843,12928,84
0,2002,1,2,12932,12932,0
0,2002,0,2,12932,12932,0
6,1999,2,2,12890,12932,41
1,2001,1,2,12927,12960,32
0,2002,1,2,12961,12961,0
0,2002,0,2,12961,12961,0
6,1999,2,2,12936,12961,25
1,2001,0,2,12960,12971,10
0,2002,1,2,13016,13016,0
3,1030,1,2,12928,13017,88
3,1030,0,2,13017,13029,11
0,2002,1,2,13020,13029,8
0,2002,0,2,13029,13044,15
6,1999,2,2,12992,13045,52
1,2001,0,2,12971,13045,73
1,2001,1,2,13045,13045,0
3,1030,0,2,13029,13100,71
1,2001,0,2,13045,13102,56
3,1030,1,2,13100,13102,2
1,2001,1,2,13102,13103,0
3,1030,0,2,13102,13103,0
3,1030,0,2,13103,13103,0
0,2002,1,2,13104,13104,0
1,2001,0,2,13103,13114,11
0,2002,0,2,13104,13114,10
6,1999,2,2,13076,13114,38
1,2001,0,2,13114,13156,42
1,2001,1,2,13157,13163,6
0,2002,1,2,13152,13164,11
0,2002,0,2,13164,13164,0
6,1999,2,2,13128,13164,36
0,2002,1,2,13207,13208,0
0,2002,0,2,13208,13208,0
3,1030,0,2,13103,13209,105
1,2001,0,2,13163,13209,45
1,2001,1,2,13209,13211,1
0,2002,0,2,13212,13212,0
6,1999,2,2,13183,13212,28
1,2001,0,2,13211,13242,30
1,2001,1,2,13242,13242,0
0,2002,1,2,13243,13243,0
0,2002,0,2,13243,13256,12
6,1999,2,2,13216,13256,39
1,2001,1,2,13242,13287,44
1,2001,0,2,13287,13287,0
3,1030,0,2,13209,13288,78
3,1030,1,2,13288,13288,0
3,1030,1,2,13288,13288,0
3,1030,1,2,13288,13288,0
1,2001,1,2,13288,13290,1
3,1030,0,2,13288,13290,2
3,1030,0,2,13290,13290,0
3,1030,0,2,13290,13290,0
1,2001,0,2,13290,13293,2
3,1030,1,2,13290,13293,2
3,1030,1,2,13293,13293,0
0,2002,1,2,13294,13294,0
1,2001,1,2,13293,13296,3
0,2002,0,2,13294,13296,2
6,1999,2,2,13261,13296,35
1,2001,0,2,13296,13344,48
0,2002,1,2,13335,13345,9
0,2002,0,2,13345,13345,0
6,1999,2,2,13316,13345,28
1,2001,1,2,13344,13347,2
0,2002,1,2,13375,13375,0
1,2001,0,2,13347,13384,37
1,2001,1,2,13385,13385,0
3,1030,1,2,13293,13395,102
0,2002,1,2,13389,13402,13
0,2002,0,2,13402,13402,0
6,1999,2,2,13356,13402,46
0,2002,1,2,13427,13427,0
3,1030,1,2,13395,13428,32
0,2002,1,2,13431,13431,0
0,2002,0,2,13431,13431,0
3,1030,0,2,13428,13431,3
1,2001,0,2,13385,13432,46
1,2001,1,2,13432,13443,11
0,2002,0,2,13447,13447,0
6,1999,2,2,13405,13447,42
1,2001,0,2,13444,13477,33
1,2001,1,2,13477,13477,0
3,1030,0,2,13432,13478,46
3,1030,0,2,13478,13478,0
3,1030,1,2,13478,13478,0
3,1030,0,2,13478,13478,0
3,1030,1,2,13478,13478,0
3,1030,1,2,13478,13478,0
1,2001,0,2,13478,13480,2
1,2001,1,2,13480,13480,0
0,2002,1,2,13497,13503,6
0,2002,0,2,13503,13509,5
6,1999,2,2,13451,13509,58
1,2001,0,2,13480,13553,73
3,1030,1,2,13478,13554,75
0,2002,1,2,13558,13558,0
1,2001,1,2,13554,13558,4
3,1030,0,2,13554,13571,17
0,2002,0,2,13558,13572,13
6,1999,2,2,13539,13574,34
3,1030,0,2,13572,13574,2
1,2001,0,2,13558,13574,15
0,2002,1,2,13611,13611,0
3,1030,1,2,13574,13612,37
0,2002,1,2,13615,13615,0
3,1030,1,2,13612,13616,4
1,2001,1,2,13574,13617,42
1,2001,0,2,13617,13618,0
0,2002,1,2,13626,13626,0
0,2002,0,2,13626,13627,0
6,1999,2,2,13592,13627,35
3,1030,0,2,13616,13655,39
0,2002,1,2,13664,13664,0
0,2002,0,2,13667,13668,0
1,2001,1,2,13618,13684,66
3,1030,0,2,13655,13685,29
1,2001,0,2,13684,13685,0
0,2002,0,2,13688,13688,0
6,1999,2,2,13631,13688,57
1,2001,0,2,13685,13728,43
3,1030,1,2,13685,13729,43
3,1030,0,2,13729,13729,0
1,2001,0,2,13728,13732,3
3,1030,0,2,13731,13732,0
1,2001,1,2,13732,13732,0
0,2002,1,2,13744,13744,0
0,2002,0,2,13744,13744,0
6,1999,2,2,13705,13759,54
1,2001,0,2,13732,13788,56
1,2001,0,2,13789,13790,1
1,2001,0,2,13791,13793,2
1,2001,1,2,13794,13794,0
3,1030,0,2,13732,13795,63
3,1030,0,2,13795,13795,0
3,1030,0,2,13795,13795,0
3,1030,0,2,13795,13795,0
3,1030,0,2,13795,13795,0
0,2002,1,2,13795,13795,0
3,1030,0,2,13795,13795,0
3,1030,0,2,13795,13795,0
3,1030,1,2,13795,13795,0
3,1030,1,2,13795,13795,0
3,1030,1,2,13795,13795,0
3,1030,1,2,13795,13795,0
3,1030,1,2,13795,13795,0
0,2002,0,2,13795,13795,0
6,1999,2,2,13767,13795,28
1,2001,1,2,13795,13797,2
1,2001,0,2,13797,13799,2
0,2002,1,2,13833,13833,0
3,1030,1,2,13795,13834,38
0,2002,1,2,13837,13837,0
3,1030,1,2,13837,13838,0
0,2002,1,2,13842,13842,0
1,2001,1,2,13799,13843,44
0,2002,0,2,13842,13843,0
3,1030,0,2,13838,13843,5
1,2001,0,2,13843,13843,0
0,2002,0,2,13847,13870,22
6,1999,2,2,13818,13872,53
1,2001,1,2,13843,13901,57
1,2001,0,2,13901,13901,0
0,2002,1,2,13901,13901,0
0,2002,0,2,13901,13901,0
6,1999,2,2,13876,13902,25
0,2002,1,2,13926,13927,0
3,1030,1,2,13843,13927,83
3,1030,0,2,13927,13928,0
1,2001,0,2,13901,13928,26
0,2002,1,2,13929,13929,0
0,2002,0,2,13929,13930,0
6,1999,2,2,13905,13930,25
1,2001,1,2,13928,13930,2
0,2002,1,2,13963,13963,0
3,1030,1,2,13928,13964,36
0,2002,1,2,13965,13972,6
1,2001,0,2,13930,13973,42
0,2002,0,2,13972,13973,0
6,1999,2,2,13942,13973,30
1,2001,1,2,13973,13973,0
1,2001,0,2,13973,14012,39
3,1030,1,2,13964,14013,48
0,2002,1,2,14013,14013,0
3,1030,1,2,14013,14020,7
3,1030,1,2,14022,14022,0
0,2002,1,2,14022,14022,0
3,1030,1,2,14022,14024,2
1,2001,1,2,14012,14025,12
0,2002,1,2,14027,14027,0
0,2002,0,2,14027,14027,0
6,1999,2,2,13990,14027,37
1,2001,0,2,14025,14056,30
0,2002,1,2,14057,14057,0
0,2002,0,2,14057,14057,0
6,1999,2,2,14030,14057,27
1,2001,1,2,14056,14080,23
1,2001,1,2,14080,14110,30
1,2001,0,2,14111,14111,0
3,1030,0,2,14024,14111,86
3,1030,1,2,14111,14112,0
3,1030,1,2,14112,14112,0
3,1030,1,2,14112,14112,0
3,1030,0,2,14112,14112,0
3,1030,0,2,14112,14112,0
1,2001,0,2,14112,14114,2
3,1030,0,2,14112,14116,3
0,2002,1,2,14116,14116,0
3,1030,0,2,14116,14116,0
3,1030,1,2,14116,14116,0
0,2002,0,2,14116,14116,0
6,1999,2,2,14095,14116,21
1,2001,0,2,14116,14118,2
1,2001,1,2,14118,14128,9
3,1030,0,2,14116,14156,40
0,2002,1,2,14165,14165,0
1,2001,1,2,14128,14165,37
1,2001,0,2,14165,14165,0
0,2002,0,2,14165,14165,0
6,1999,2,2,14143,14165,22
0,2002,1,2,14189,14189,0
3,1030,1,2,14156,14190,33
3,1030,0,2,14190,14192,1
1,2001,0,2,14165,14199,34
0,2002,1,2,14192,14208,15
0,2002,0,2,14208,14220,12
1,2001,1,2,14199,14220,20
6,1999,2,2,14168,14220,51
0,2002,1,2,14258,14258,0
3,1030,1,2,14192,14258,66
0,2002,1,2,14261,14261,0
3,1030,0,2,14258,14262,4
0,2002,0,2,14261,14267,5
3,1030,0,2,14262,14267,4
0,2002,0,2,14269,14269,0
3,1030,0,2,14267,14270,2
1,2001,0,2,14220,14276,55
0,2002,0,2,14278,14278,0
6,1999,2,2,14235,14278,43
1,2001,1,2,14276,14285,9
1,2001,0,2,14285,14309,23
3,1030,1,2,14270,14309,39
3,1030,0,2,14309,14309,0
3,1030,0,2,14309,14309,0
1,2001,0,2,14309,14311,2
3,1030,1,2,14309,14312,2
0,2002,1,2,14314,14315,0
3,1030,0,2,14312,14315,3
3,1030,0,2,14315,14315,0
3,1030,1,2,14315,14315,0
1,2001,0,2,14312,14317,5
1,2001,1,2,14317,14327,10
0,2002,1,2,14318,14328,9
0,2002,0,2,14328,14328,0
6,1999,2,2,14289,14328,39
1,2001,0,2,14327,14370,42
3,1030,0,2,14315,14372,56
0,2002,1,2,14372,14372,0
3,1030,0,2,14372,14372,0
3,1030,1,2,14372,14382,9
1,2001,0,2,14372,14382,9
1,2001,1,2,14382,14382,0
3,1030,1,2,14382,14382,0
0,2002,1,2,14384,14385,0
0,2002,0,2,14385,14400,14
6,1999,2,2,14346,14400,53
3,1030,0,2,14382,14430,47
1,2001,0,2,14382,14455,72
0,2002,1,2,14455,14456,0
1,2001,1,2,14456,14456,0
3,1030,1,2,14430,14456,26
0,2002,0,2,14456,14457,0
6,1999,2,2,14410,14457,46
3,1030,0,2,14456,14457,0
3,1030,0,2,14457,14457,0
1,2001,0,2,14456,14462,5
3,1030,0,2,14457,14506,48
3,1030,0,2,14506,14515,8
1,2001,0,2,14462,14520,57
0,2002,1,2,14516,14523,7
0,2002,0,2,14523,14523,0
6,1999,2,2,14483,14524,40
1,2001,1,2,14520,14524,4
0,2002,1,2,14581,14581,0
0,2002,0,2,14581,14581,0
1,2001,0,2,14524,14582,57
3,1030,0,2,14515,14582,67
1,2001,1,2,14582,14583,1
0,2002,0,2,14584,14584,0
6,1999,2,2,14555,14584,28
1,2001,0,2,14583,14606,23
3,1030,1,2,14582,14607,24
3,1030,0,2,14607,14607,0
3,1030,0,2,14607,14607,0
1,2001,0,2,14607,14610,3
3,1030,1,2,14607,14610,3
0,2002,1,2,14612,14612,0
1,2001,1,2,14610,14612,2
0,2002,0,2,14612,14612,0
6,1999,2,2,14587,14613,25
1,2001,0,2,14612,14649,36
1,2001,1,2,14650,14650,0
3,1030,0,2,14610,14650,40
3,1030,0,2,14650,14650,0
3,1030,0,2,14650,14650,0
3,1030,1,2,14650,14650,0
3,1030,1,2,14650,14650,0
3,1030,1,2,14650,14650,0
1,2001,0,2,14650,14652,1
1,2001,1,2,14652,14653,1
0,2002,1,2,14653,14654,0
0,2002,0,2,14654,14658,4
6,1999,2,2,14625,14662,37
0,2002,1,2,14706,14706,0
0,2002,0,2,14706,14706,0
1,2001,0,2,14653,14710,57
3,1030,0,2,14650,14724,73
1,2001,1,2,14710,14727,17
0,2002,0,2,14727,14728,0
6,1999,2,2,14680,14743,63
1,2001,0,2,14727,14780,52
3,1030,1,2,14724,14780,56
3,1030,0,2,14780,14780,0
3,1030,0,2,14780,14780,0
1,2001,0,2,14780,14782,2
3,1030,0,2,14780,14783,2
3,1030,0,2,14783,14783,0
3,1030,1,2,14783,14783,0
1,2001,0,2,14783,14785,2
3,1030,0,2,14783,14785,2
3,1030,0,2,14785,14785,0
3,1030,1,2,14785,14785,0
1,2001,1,2,14785,14787,1
1,2001,0,2,14787,14788,1
0,2002,1,2,14791,14807,15
0,2002,0,2,14807,14807,0
6,1999,2,2,14756,14808,51
1,2001,0,2,14788,14847,58
3,1030,0,2,14786,14848,62
3,1030,0,2,14848,14848,0
1,2001,1,2,14848,14848,0
3,1030,1,2,14848,14849,0
3,1030,0,2,14849,14849,0
3,1030,1,2,14849,14849,0
3,1030,1,2,14849,14850,0
1,2001,0,2,14849,14850,1
0,2002,1,2,14850,14851,0
0,2002,0,2,14851,14851,0
6,1999,2,2,14818,14851,33
1,2001,1,2,14850,14853,2
0,2002,1,2,14921,14921,0
3,1030,1,2,14850,14935,85
3,1030,0,2,14935,14935,0
0,2002,1,2,14938,14938,0
0,2002,0,2,14939,14939,0
6,1999,2,2,14909,14939,29
1,2001,0,2,14853,14939,85
1,2001,1,2,14939,14939,0
0,2002,1,2,14970,14970,0
3,1030,1,2,14935,14971,35
0,2002,1,2,14981,14981,0
0,2002,0,2,14981,14981,0
1,2001,0,2,14940,14981,41
3,1030,0,2,14971,15000,28
1,2001,1,2,14983,15000,16
0,2002,0,2,15002,15002,0
6,1999,2,2,14955,15002,47
0,2002,1,2,15025,15025,0
3,1030,1,2,15000,15026,25
0,2002,1,2,15029,15029,0
3,1030,1,2,15026,15030,4
0,2002,1,2,15032,15032,0
1,2001,0,2,15000,15033,32
3,1030,1,2,15030,15033,3
1,2001,1,2,15033,15035,2
0,2002,1,2,15036,15036,0
0,2002,0,2,15036,15036,0
6,1999,2,2,15005,15036,30
3,1030,0,2,15033,15076,42
1,2001,0,2,15035,15078,42
1,2001,1,2,15078,15078,0
0,2002,1,2,15079,15080,0
0,2002,0,2,15080,15080,0
6,1999,2,2,15052,15080,27
0,2002,1,2,15130,15130,0
0,2002,0,2,15130,15130,0
1,2001,1,2,15078,15140,61
1,2001,0,2,15140,15140,0
3,1030,0,2,15076,15140,64
0,2002,0,2,15142,15143,0
6,1999,2,2,15105,15143,38
1,2001,0,2,15140,15189,48
3,1030,1,2,15140,15190,49
3,1030,0,2,15190,15190,0
3,1030,0,2,15190,15191,0
0,2002,1,2,15192,15192,0
1,2001,0,2,15190,15193,3
3,1030,1,2,15191,15197,6
1,2001,1,2,15193,15203,10
0,2002,1,2,15203,15204,0
0,2002,0,2,15204,15219,15
6,1999,2,2,15167,15219,52
3,1030,0,2,15197,15241,43
1,2001,0,2,15203,15245,41
3,1030,0,2,15241,15245,4
3,1030,0,2,15245,15246,0
3,1030,0,2,15246,15248,2
1,2001,0,2,15245,15248,2
1,2001,1,2,15248,15248,0
3,1030,1,2,15248,15248,0
0,2002,1,2,15249,15249,0
0,2002,0,2,15250,15250,0
6,1999,2,2,15223,15250,26
1,2001,1,2,15248,15276,27
1,2001,0,2,15276,15277,0
0,2002,1,2,15278,15278,0
0,2002,0,2,15278,15278,0
6,1999,2,2,15253,15278,25
1,2001,1,2,15277,15319,41
1,2001,0,2,15319,15320,0
0,2002,1,2,15321,15321,0
0,2002,0,2,15321,15321,0
6,1999,2,2,15295,15321,25
1,2001,1,2,15320,15349,29
3,1030,1,2,15248,15350,101
3,1030,1,2,15350,15350,0
3,1030,0,2,15350,15350,0
1,2001,0,2,15350,15351,0
0,2002,1,2,15350,15351,0
0,2002,0,2,15351,15351,0
6,1999,2,2,15326,15351,24
1,2001,1,2,15351,15359,8
1,2001,0,2,15359,15388,28
0,2002,1,2,15388,15388,0
0,2002,0,2,15388,15388,0
6,1999,2,2,15364,15388,24
1,2001,1,2,15388,15391,2
1,2001,0,2,15391,15419,27
0,2002,1,2,15419,15419,0
0,2002,0,2,15419,15419,0
6,1999,2,2,15395,15420,25
1,2001,1,2,15419,15421,2
0,2002,1,2,15448,15448,0
1,2001,0,2,15421,15449,27
0,2002,0,2,15448,15449,0
6,1999,2,2,15425,15449,24
1,2001,1,2,15449,15451,2
1,2001,0,2,15451,15478,27
0,2002,1,2,15479,15479,0
0,2002,0,2,15479,15480,0
6,1999,2,2,15455,15480,24
1,2001,1,2,15479,15482,3
1,2001,0,2,15482,15509,27
0,2002,1,2,15510,15510,0
0,2002,0,2,15510,15510,0
6,1999,2,2,15486,15510,24
1,2001,1,2,15509,15512,3
1,2001,0,2,15512,15539,26
0,2002,1,2,15540,15540,0
0,2002,0,2,15540,15541,0
6,1999,2,2,15516,15541,25
1,2001,1,2,15539,15543,3
1,2001,0,2,15543,15570,26
0,2002,1,2,15571,15571,0
0,2002,0,2,15571,15571,0
6,1999,2,2,15547,15571,24
1,2001,1,2,15570,15573,3
1,2001,0,2,15573,15600,27
0,2002,1,2,15602,15602,0
0,2002,0,2,15602,15602,0
6,1999,2,2,15577,15602,25
1,2001,1,2,15600,15604,3
1,2001,0,2,15604,15631,27
0,2002,1,2,15632,15633,0
0,2002,0,2,15633,15633,0
6,1999,2,2,15608,15633,25
1,2001,1,2,15631,15635,3
1,2001,0,2,15635,15663,28
0,2002,1,2,15664,15664,0
0,2002,0,2,15664,15664,0
6,1999,2,2,15640,15664,24
1,2001,1,2,15663,15667,3
1,2001,0,2,15667,15694,27
0,2002,1,2,15695,15696,0
0,2002,0,2,15696,15696,0
6,1999,2,2,15671,15696,25
1,2001,1,2,15695,15698,3
1,2001,0,2,15698,15726,28
0,2002,1,2,15726,15727,0
0,2002,0,2,15727,15727,0
6,1999,2,2,15702,15727,24
1,2001,1,2,15726,15729,2
1,2001,0,2,15729,15757,28
0,2002,1,2,15757,15758,0
0,2002,0,2,15758,15758,0
6,1999,2,2,15733,15758,24
1,2001,1,2,15757,15760,2
1,2001,1,2,15760,15787,26
1,2001,0,2,15787,15788,0
0,2002,1,2,15788,15788,0
0,2002,0,2,15788,15789,0
6,1999,2,2,15764,15789,24
3,1030,0,2,15350,15814,463
1,2001,0,2,15788,15814,26
3,1030,0,2,15814,15815,1
0,2002,1,2,15815,15816,1
1,2001,1,2,15815,15816,0
0,2002,0,2,15816,15816,0
6,1999,2,2,15792,15816,23
3,1030,0,2,15815,15817,1
1,2001,0,2,15816,15817,1
3,1030,1,2,15818,15818,0
0,2002,1,2,15860,15860,0
0,2002,0,2,15860,15860,0
6,1999,2,2,15838,15860,21
1,2001,1,2,15817,15861,43
1,2001,0,2,15861,15862,1
0,2002,1,2,15888,15888,0
0,2002,0,2,15888,15888,0
6,1999,2,2,15865,15888,22
1,2001,1,2,15862,15888,26
1,2001,0,2,15888,15890,1
0,2002,1,2,15916,15916,0
0,2002,0,2,15916,15917,0
6,1999,2,2,15894,15917,22
1,2001,1,2,15890,15917,27
1,2001,0,2,15917,15918,0
0,2002,1,2,15944,15945,0
0,2002,0,2,15945,15946,1
1,2001,1,2,15918,15946,27
6,1999,2,2,15923,15946,23
1,2001,0,2,15946,15947,0
0,2002,1,2,15973,15973,0
0,2002,0,2,15973,15973,0
6,1999,2,2,15950,15973,22
1,2001,1,2,15947,15973,26
1,2001,0,2,15973,15975,1
0,2002,1,2,16001,16001,0
0,2002,0,2,16001,16001,0
6,1999,2,2,15979,16001,22
1,2001,1,2,15975,16002,26
1,2001,0,2,16002,16003,1
0,2002,1,2,16029,16029,0
0,2002,0,2,16029,16029,0
6,1999,2,2,16006,16029,23
1,2001,1,2,16003,16030,26
1,2001,0,2,16030,16031,1
0,2002,1,2,16057,16058,0
0,2002,0,2,16058,16058,0
6,1999,2,2,16035,16058,22
1,2001,1,2,16031,16058,27
1,2001,0,2,16059,16060,1
0,2002,1,2,16086,16086,0
0,2002,0,2,16086,16086,0
6,1999,2,2,16064,16086,22
1,2001,1,2,16060,16087,26
1,2001,0,2,16087,16088,1
0,2002,1,2,16114,16114,0
0,2002,0,2,16114,16115,0
6,1999,2,2,16092,16115,22
1,2001,1,2,16088,16115,27
1,2001,0,2,16115,16116,0
0,2002,1,2,16142,16142,0
0,2002,0,2,16142,16142,0
6,1999,2,2,16120,16142,22
1,2001,1,2,16116,16143,27
1,2001,0,2,16143,16144,0
0,2002,1,2,16171,16171,0
0,2002,0,2,16171,16171,0
1,2001,1,2,16144,16171,27
6,1999,2,2,16148,16171,23
1,2001,0,2,16171,16172,0
0,2002,1,2,16198,16198,0
0,2002,0,2,16198,16198,0
6,1999,2,2,16176,16198,22
1,2001,1,2,16172,16199,27
1,2001,0,2,16199,16200,0
1,2001,1,2,16200,16227,26
0,2002,1,2,16227,16227,0
0,2002,0,2,16227,16227,0
6,1999,2,2,16203,16227,23
1,2001,0,2,16227,16228,1
1,2001,1,2,16228,16255,26
0,2002,1,2,16255,16255,0
0,2002,0,2,16255,16255,0
6,1999,2,2,16232,16255,23
1,2001,0,2,16255,16256,1
1,2001,1,2,16256,16283,26
0,2002,1,2,16283,16283,0
0,2002,0,2,16283,16283,0
6,1999,2,2,16260,16283,23
1,2001,0,2,16283,16284,1
1,2001,1,2,16284,16311,27
0,2002,1,2,16311,16312,0
0,2002,0,2,16312,16312,0
6,1999,2,2,16288,16312,23
1,2001,0,2,16311,16312,1
1,2001,1,2,16312,16339,26
0,2002,1,2,16339,16340,0
0,2002,0,2,16340,16340,0
6,1999,2,2,16316,16340,24
1,2001,0,2,16339,16340,1
1,2001,1,2,16340,16366,26
0,2002,1,2,16367,16367,0
0,2002,0,2,16367,16367,0
6,1999,2,2,16343,16367,23
1,2001,0,2,16366,16367,1
0,2002,1,2,16393,16394,0
0,2002,0,2,16394,16394,0
6,1999,2,2,16371,16394,22
1,2001,1,2,16368,16394,26
1,2001,0,2,16394,16395,1
1,2001,1,2,16395,16422,26
0,2002,1,2,16422,16422,0
0,2002,0,2,16422,16422,0
6,1999,2,2,16399,16422,23
1,2001,0,2,16422,16423,1
0,2002,1,2,16450,16450,0
0,2002,0,2,16450,16450,0
1,2001,1,2,16423,16450,26
6,1999,2,2,16427,16450,23
1,2001,0,2,16450,16451,1
1,2001,1,2,16451,16478,26
0,2002,1,2,16479,16479,0
0,2002,0,2,16479,16479,0
6,1999,2,2,16456,16479,23
1,2001,0,2,16478,16480,1
0,2002,1,2,16505,16505,0
0,2002,0,2,16505,16505,0
6,1999,2,2,16483,16505,22
1,2001,1,2,16480,16506,26
1,2001,0,2,16506,16506,0
0,2002,1,2,16532,16533,0
0,2002,0,2,16533,16533,0
6,1999,2,2,16510,16533,22
1,2001,1,2,16506,16533,26
1,2001,0,2,16533,16534,1
0,2002,1,2,16561,16561,0
0,2002,0,2,16561,16561,0
6,1999,2,2,16538,16561,23
1,2001,1,2,16534,16561,26
1,2001,0,2,16561,16562,1
0,2002,1,2,16588,16588,0
0,2002,0,2,16588,16588,0
6,1999,2,2,16566,16588,22
1,2001,1,2,16562,16588,26
1,2001,0,2,16589,16590,1
1,2001,1,2,16590,16616,26
0,2002,1,2,16617,16617,0
0,2002,0,2,16617,16617,0
1,2001,0,2,16616,16617,1
6,1999,2,2,16593,16617,24
1,2001,1,2,16617,16644,26
0,2002,1,2,16644,16644,0
0,2002,0,2,16644,16644,0
6,1999,2,2,16621,16644,23
1,2001,0,2,16644,16645,1
0,2002,1,2,16670,16670,0
0,2002,0,2,16670,16670,0
6,1999,2,2,16648,16670,22
1,2001,1,2,16645,16671,26
1,2001,0,2,16671,16672,0
0,2002,1,2,16698,16698,0
0,2002,0,2,16698,16698,0
6,1999,2,2,16675,16698,22
1,2001,1,2,16672,16699,26
1,2001,0,2,16699,16700,1
0,2002,1,2,16725,16725,0
0,2002,0,2,16725,16725,0
6,1999,2,2,16703,16725,22
1,2001,1,2,16700,16726,25
1,2001,0,2,16726,16727,1
1,2001,1,2,16727,16753,26
0,2002,1,2,16754,16754,0
0,2002,0,2,16754,16754,0
6,1999,2,2,16730,16754,23
1,2001,0,2,16753,16754,1
0,2002,1,2,16780,16780,0
0,2002,0,2,16781,16781,0
6,1999,2,2,16758,16781,23
1,2001,1,2,16754,16781,26
1,2001,0,2,16781,16782,1
0,2002,1,2,16808,16808,0
1,2001,1,2,16782,16808,26
0,2002,0,2,16808,16809,0
6,1999,2,2,16785,16809,23
1,2001,0,2,16809,16810,1
0,2002,1,2,16836,16836,0
0,2002,0,2,16836,16836,0
6,1999,2,2,16813,16836,23
1,2001,1,2,16810,16836,26
1,2001,0,2,16836,16838,1
0,2002,1,2,16864,16864,0
0,2002,0,2,16864,16864,0
6,1999,2,2,16842,16864,22
1,2001,1,2,16838,16865,27
1,2001,0,2,16865,16866,1
1,2001,1,2,16866,16892,26
0,2002,1,2,16893,16893,0
0,2002,0,2,16893,16893,0
6,1999,2,2,16869,16893,23
1,2001,0,2,16892,16894,1
1,2001,1,2,16894,16920,26
0,2002,1,2,16921,16921,0
0,2002,0,2,16921,16921,0
6,1999,2,2,16897,16922,24
1,2001,0,2,16920,16922,1
0,2002,1,2,16947,16948,0
1,2001,1,2,16922,16948,26
0,2002,0,2,16948,16948,0
6,1999,2,2,16925,16948,23
1,2001,0,2,16948,16949,0
1,2001,1,2,16949,16975,26
0,2002,1,2,16976,16976,0
0,2002,0,2,16976,16976,0
6,1999,2,2,16952,16976,23
1,2001,0,2,16976,16977,1
0,2002,1,2,17002,17003,0
1,2001,1,2,16977,17003,25
0,2002,0,2,17003,17003,0
6,1999,2,2,16980,17003,22
1,2001,0,2,17003,17004,1
0,2002,1,2,17030,17030,0
1,2001,1,2,17004,17030,25
0,2002,0,2,17030,17030,0
6,1999,2,2,17007,17030,23
1,2001,0,2,17030,17032,1
1,2001,1,2,17032,17058,26
0,2002,1,2,17058,17058,0
0,2002,0,2,17058,17059,0
6,1999,2,2,17035,17059,23
1,2001,0,2,17058,17060,1
1,2001,1,2,17060,17087,26
0,2002,1,2,17087,17087,0
0,2002,0,2,17087,17088,0
6,1999,2,2,17064,17088,23
1,2001,0,2,17087,17088,0
0,2002,1,2,17114,17114,0
0,2002,0,2,17114,17114,0
6,1999,2,2,17091,17114,22
1,2001,1,2,17088,17115,26
1,2001,0,2,17115,17115,0
0,2002,1,2,17142,17142,0
0,2002,0,2,17142,17142,0
6,1999,2,2,17119,17142,22
1,2001,1,2,17115,17143,27
1,2001,0,2,17143,17144,1
0,2002,1,2,17171,17171,0
0,2002,0,2,17171,17171,0
6,1999,2,2,17148,17171,23
1,2001,1,2,17144,17171,27
1,2001,0,2,17171,17172,0
1,2001,1,2,17172,17200,27
0,2002,1,2,17200,17201,0
0,2002,0,2,17201,17201,0
6,1999,2,2,17177,17201,23
1,2001,0,2,17200,17201,0
0,2002,1,2,17228,17228,0
0,2002,0,2,17228,17228,0
6,1999,2,2,17205,17228,23
1,2001,1,2,17201,17228,27
1,2001,0,2,17228,17229,0
0,2002,1,2,17256,17256,0
0,2002,0,2,17256,17256,0
6,1999,2,2,17233,17256,22
1,2001,1,2,17229,17257,27
1,2001,0,2,17257,17258,1
0,2002,1,2,17283,17283,0
0,2002,0,2,17283,17283,0
6,1999,2,2,17261,17283,22
1,2001,1,2,17258,17284,26
1,2001,0,2,17284,17285,0
1,2001,1,2,17285,17312,27
0,2002,1,2,17312,17312,0
0,2002,0,2,17312,17312,0
6,1999,2,2,17289,17312,23
1,2001,0,2,17312,17313,1
0,2002,1,2,17339,17340,0
0,2002,0,2,17340,17340,0
6,1999,2,2,17317,17340,23
1,2001,1,2,17313,17340,27
1,2001,0,2,17340,17341,0
1,2001,1,2,17341,17368,27
0,2002,1,2,17369,17369,0
0,2002,0,2,17369,17369,0
6,1999,2,2,17345,17369,24
1,2001,0,2,17368,17369,1
1,2001,1,2,17369,17396,26
0,2002,1,2,17396,17396,0
0,2002,0,2,17396,17396,0
6,1999,2,2,17373,17397,23
1,2001,0,2,17396,17397,0
1,2001,1,2,17397,17423,26
0,2002,1,2,17424,17424,0
0,2002,0,2,17424,17424,0
6,1999,2,2,17400,17424,23
1,2001,0,2,17423,17425,1
3,1030,2,2,15818,17428,1610
1,2001,2,2,17425,17428,3
