thread,tag,sender,reciever,begin,end,lifeSpan
6,1996,0,0,145,145,0
1,2002,0,1,186,186,0
1,1030,0,1,187,187,0
1,2002,0,1,189,189,0
0,2001,0,1,194,194,0
0,1999,0,0,207,207,0
6,1996,0,0,219,219,0
0,2001,0,1,277,277,0
0,1999,0,0,277,277,0
1,2002,0,1,278,278,0
6,1996,0,0,281,281,0
0,2001,0,1,324,324,0
0,1999,0,0,325,325,0
1,2002,0,1,325,325,0
6,1996,0,0,327,327,0
1,2002,0,1,370,370,0
0,2001,0,1,370,370,0
0,1999,0,0,371,371,0
6,1996,0,0,373,373,0
1,2002,0,1,416,416,0
0,2001,0,1,417,417,0
0,1999,0,0,417,417,0
6,1996,0,0,420,420,0
1,2002,0,1,463,463,0
0,2001,0,1,463,463,0
0,1999,0,0,464,464,0
6,1996,0,0,466,466,0
1,2002,0,1,509,509,0
1,1030,0,1,509,509,0
1,2002,0,1,512,512,0
0,2001,0,1,516,516,0
0,1999,0,0,516,516,0
6,1996,0,0,519,519,0
1,2002,0,1,565,565,0
1,1030,0,1,565,565,0
1,2002,0,1,568,568,0
1,1030,0,1,568,568,0
1,2002,0,1,570,570,0
0,2001,0,1,573,573,0
0,1999,0,0,574,574,0
6,1996,0,0,576,576,0
0,2001,0,1,617,617,0
3,1030,0,1,618,618,0
1,2002,0,1,620,620,0
0,2001,0,1,620,620,0
0,1999,0,0,621,621,0
6,1996,0,0,624,624,0
1,2002,0,1,663,663,0
0,2001,0,1,665,665,0
0,1999,0,0,666,666,0
6,1996,0,0,668,668,0
1,2002,0,1,707,707,0
0,2001,0,1,707,707,0
1,1030,0,1,707,707,0
0,1999,0,0,707,707,0
1,2002,0,1,709,709,0
6,1996,0,0,713,713,0
0,2001,0,1,751,751,0
3,1030,0,1,752,752,0
1,2002,0,1,753,753,0
0,2001,0,1,755,755,0
0,1999,0,0,755,755,0
6,1996,0,0,758,758,0
1,2002,0,1,798,798,0
0,2001,0,1,798,798,0
0,1999,0,0,799,799,0
6,1996,0,0,802,802,0
1,2002,0,1,843,843,0
0,2001,0,1,843,843,0
0,1999,0,0,843,843,0
6,1996,0,0,847,847,0
1,2002,0,1,886,886,0
0,2001,0,1,888,888,0
0,1999,0,0,888,888,0
6,1996,0,0,891,891,0
1,2002,0,1,930,930,0
0,2001,0,1,932,932,0
0,1999,0,0,933,933,0
6,1996,0,0,936,936,0
1,2002,0,1,975,975,0
0,2001,0,1,977,977,0
0,1999,0,0,977,977,0
6,1996,0,0,980,980,0
1,2002,0,1,1017,1017,0
1,1030,0,1,1018,1018,0
0,2001,0,1,1019,1019,0
0,1999,0,0,1019,1019,0
1,2002,0,1,1020,1020,0
6,1996,0,0,1024,1024,0
0,2001,0,1,1063,1063,0
3,1030,0,1,1064,1064,0
1,2002,0,1,1064,1064,0
0,2001,0,1,1066,1066,0
0,1999,0,0,1067,1067,0
6,1996,0,0,1070,1070,0
1,2002,0,1,1108,1108,0
0,2001,0,1,1110,1110,0
0,1999,0,0,1111,1111,0
6,1996,0,0,1115,1115,0
0,2001,0,1,1148,1148,0
3,1030,0,1,1149,1149,0
0,2001,0,1,1150,1150,0
3,1030,0,1,1150,1150,0
1,2002,0,1,1151,1151,0
0,2001,0,1,1153,1153,0
0,1999,0,0,1153,1153,0
6,1996,0,0,1157,1157,0
0,2001,0,1,1193,1193,0
1,2002,0,1,1193,1193,0
0,1999,0,0,1193,1193,0
6,1996,0,0,1197,1197,0
0,2001,0,1,1233,1233,0
0,1999,0,0,1233,1233,0
1,2002,0,1,1234,1234,0
6,1996,0,0,1238,1238,0
0,2001,0,1,1274,1274,0
1,2002,0,1,1274,1274,0
0,1999,0,0,1274,1274,0
6,1996,0,0,1278,1278,0
0,2001,0,1,1312,1312,0
1,2002,0,1,1313,1313,0
3,1030,0,1,1313,1313,0
0,2001,0,1,1315,1315,0
0,1999,0,0,1315,1315,0
6,1996,0,0,1319,1319,0
1,2002,0,1,1353,1353,0
1,1030,0,1,1353,1353,0
0,2001,0,1,1354,1354,0
0,1999,0,0,1354,1354,0
1,2002,0,1,1356,1356,0
6,1996,0,0,1360,1360,0
1,2002,0,1,1395,1395,0
0,2001,0,1,1395,1395,0
0,1999,0,0,1396,1396,0
6,1996,0,0,1399,1399,0
1,2002,0,1,1435,1435,0
0,2001,0,1,1437,1437,0
0,1999,0,0,1437,1437,0
6,1996,0,0,1441,1441,0
1,2002,0,1,1475,1475,0
1,1030,0,1,1475,1475,0
0,2001,0,1,1476,1476,0
0,1999,0,0,1476,1476,0
1,2002,0,1,1478,1478,0
6,1996,0,0,1482,1482,0
0,2001,0,1,1517,1517,0
1,2002,0,1,1517,1517,0
3,1030,0,1,1517,1517,0
0,2001,0,1,1519,1519,0
0,1999,0,0,1520,1520,0
6,1996,0,0,1523,1523,0
1,2002,0,1,1558,1558,0
0,2001,0,1,1558,1558,0
0,1999,0,0,1558,1558,0
6,1996,0,0,1562,1562,0
1,2002,0,1,1596,1596,0
0,2001,0,1,1598,1598,0
0,1999,0,0,1598,1598,0
6,1996,0,0,1601,1601,0
1,2002,0,1,1636,1636,0
0,2001,0,1,1637,1637,0
0,1999,0,0,1638,1638,0
6,1996,0,0,1641,1641,0
1,2002,0,1,1676,1676,0
0,2001,0,1,1676,1676,0
0,1999,0,0,1677,1677,0
6,1996,0,0,1680,1680,0
1,2002,0,1,1715,1715,0
0,2001,0,1,1716,1716,0
0,1999,0,0,1717,1717,0
6,1996,0,0,1720,1720,0
1,2002,0,1,1755,1755,0
0,2001,0,1,1757,1757,0
0,1999,0,0,1757,1757,0
6,1996,0,0,1761,1761,0
1,2002,0,1,1796,1796,0
0,2001,0,1,1798,1798,0
0,1999,0,0,1798,1798,0
6,1996,0,0,1801,1801,0
1,2002,0,1,1836,1836,0
0,2001,0,1,1837,1837,0
0,1999,0,0,1837,1837,0
6,1996,0,0,1841,1841,0
1,2002,0,1,1875,1875,0
0,2001,0,1,1877,1877,0
0,1999,0,0,1877,1877,0
6,1996,0,0,1881,1881,0
1,2002,0,1,1915,1915,0
1,1030,0,1,1915,1915,0
0,2001,0,1,1916,1916,0
0,1999,0,0,1916,1916,0
1,2002,0,1,1917,1917,0
6,1996,0,0,1921,1921,0
0,2001,0,1,1956,1956,0
0,1999,0,0,1956,1956,0
1,2002,0,1,1957,1957,0
6,1996,0,0,1961,1961,0
0,2001,0,1,1994,1994,0
3,1030,0,1,1994,1994,0
1,2002,0,1,1995,1995,0
0,2001,0,1,1997,1997,0
0,1999,0,0,1997,1997,0
6,1996,0,0,2000,2000,0
1,2002,0,1,2034,2034,0
1,1030,0,1,2034,2034,0
0,2001,0,1,2035,2035,0
0,1999,0,0,2035,2035,0
1,2002,0,1,2037,2037,0
6,1996,0,0,2042,2042,0
0,2001,0,1,2075,2075,0
3,1030,0,1,2075,2075,0
1,2002,0,1,2076,2076,0
0,2001,0,1,2077,2077,0
0,1999,0,0,2077,2077,0
6,1996,0,0,2081,2081,0
1,2002,0,1,2113,2113,0
1,1030,0,1,2113,2113,0
0,2001,0,1,2114,2114,0
0,1999,0,0,2114,2114,0
1,2002,0,1,2116,2116,0
6,1996,0,0,2120,2120,0
0,2001,0,1,2154,2154,0
0,1999,0,0,2154,2154,0
1,2002,0,1,2154,2154,0
6,1996,0,0,2158,2158,0
0,2001,0,1,2191,2191,0
3,1030,0,1,2191,2191,0
1,2002,0,1,2192,2192,0
0,2001,0,1,2194,2194,0
0,1999,0,0,2194,2194,0
6,1996,0,0,2198,2198,0
1,2002,0,1,2232,2232,0
0,2001,0,1,2232,2232,0
1,1030,0,1,2232,2232,0
0,1999,0,0,2233,2233,0
1,2002,0,1,2235,2235,0
6,1996,0,0,2238,2238,0
0,2001,0,1,2271,2271,0
0,1999,0,0,2272,2272,0
1,2002,0,1,2273,2273,0
6,1996,0,0,2282,2282,0
0,2001,0,1,2314,2314,0
1,2002,0,1,2315,2315,0
3,1030,0,1,2316,2316,0
0,2001,0,1,2318,2318,0
0,1999,0,0,2318,2318,0
6,1996,0,0,2323,2323,0
1,2002,0,1,2356,2356,0
1,1030,0,1,2356,2356,0
0,2001,0,1,2356,2356,0
0,1999,0,0,2356,2356,0
1,2002,0,1,2358,2358,0
6,1996,0,0,2362,2362,0
0,2001,0,1,2394,2394,0
3,1030,0,1,2394,2394,0
1,2002,0,1,2396,2396,0
0,2001,0,1,2396,2396,0
0,1999,0,0,2396,2396,0
6,1996,0,0,2400,2400,0
1,2002,0,1,2433,2433,0
1,1030,0,1,2433,2433,0
0,2001,0,1,2433,2433,0
0,1999,0,0,2434,2434,0
1,2002,0,1,2436,2436,0
6,1996,0,0,2441,2441,0
0,2001,0,1,2472,2472,0
3,1030,0,1,2473,2473,0
1,2002,0,1,2474,2474,0
0,2001,0,1,2475,2475,0
0,1999,0,0,2475,2475,0
6,1996,0,0,2481,2481,0
1,2002,0,1,2516,2516,0
0,2001,0,1,2516,2516,0
1,1030,0,1,2516,2516,0
0,1999,0,0,2516,2516,0
1,2002,0,1,2519,2519,0
6,1996,0,0,2524,2524,0
0,2001,0,1,2558,2558,0
0,1999,0,0,2558,2558,0
1,2002,0,1,2560,2560,0
6,1996,0,0,2565,2565,0
0,2001,0,1,2598,2598,0
0,1999,0,0,2598,2598,0
1,2002,0,1,2599,2599,0
6,1996,0,0,2604,2604,0
0,2001,0,1,2636,2636,0
3,1030,0,1,2637,2637,0
1,2002,0,1,2637,2637,0
0,2001,0,1,2639,2639,0
0,1999,0,0,2639,2639,0
6,1996,0,0,2643,2643,0
1,2002,0,1,2676,2676,0
0,2001,0,1,2678,2678,0
0,1999,0,0,2678,2678,0
6,1996,0,0,2683,2683,0
1,2002,0,1,2716,2716,0
0,2001,0,1,2718,2718,0
0,1999,0,0,2718,2718,0
6,1996,0,0,2723,2723,0
1,2002,0,1,2756,2756,0
1,1030,0,1,2756,2756,0
1,2002,0,1,2758,2758,0
0,2001,0,1,2758,2758,0
0,1999,0,0,2758,2758,0
6,1996,0,0,2762,2762,0
0,2001,0,1,2797,2797,0
1,2002,0,1,2797,2797,0
3,1030,0,1,2797,2797,0
0,2001,0,1,2799,2799,0
0,1999,0,0,2799,2799,0
6,1996,0,0,2804,2804,0
1,2002,0,1,2838,2838,0
1,1030,0,1,2838,2838,0
0,2001,0,1,2839,2839,0
0,1999,0,0,2839,2839,0
1,2002,0,1,2840,2840,0
6,1996,0,0,2846,2846,0
0,2001,0,1,2881,2881,0
0,1999,0,0,2881,2881,0
1,2002,0,1,2881,2881,0
6,1996,0,0,2887,2887,0
0,2001,0,1,2920,2920,0
3,1030,0,1,2920,2920,0
1,2002,0,1,2921,2921,0
0,2001,0,1,2921,2921,0
0,1999,0,0,2922,2922,0
6,1996,0,0,2926,2926,0
1,2002,0,1,2959,2959,0
1,1030,0,1,2960,2960,0
0,2001,0,1,2961,2961,0
0,1999,0,0,2961,2961,0
1,2002,0,1,2962,2962,0
6,1996,0,0,2966,2966,0
0,2001,0,1,2998,2998,0
3,1030,0,1,2998,2998,0
1,2002,0,1,3000,3000,0
0,2001,0,1,3000,3000,0
0,1999,0,0,3000,3000,0
6,1996,0,0,3004,3004,0
1,2002,0,1,3037,3037,0
0,2001,0,1,3039,3039,0
0,1999,0,0,3039,3039,0
6,1996,0,0,3043,3043,0
0,2001,0,1,3076,3076,0
0,1999,0,0,3077,3077,0
1,2002,0,1,3077,3077,0
6,1996,0,0,3081,3081,0
1,2002,0,1,3114,3114,0
0,2001,0,1,3115,3115,0
0,1999,0,0,3115,3115,0
6,1996,0,0,3120,3120,0
1,2002,0,1,3153,3153,0
1,1030,0,1,3153,3153,0
0,2001,0,1,3154,3154,0
0,1999,0,0,3154,3154,0
1,2002,0,1,3155,3155,0
6,1996,0,0,3160,3160,0
0,2001,0,1,3195,3195,0
0,1999,0,0,3195,3195,0
1,2002,0,1,3196,3196,0
6,1996,0,0,3201,3201,0
0,2001,0,1,3235,3235,0
1,2002,0,1,3236,3236,0
0,1999,0,0,3236,3236,0
6,1996,0,0,3239,3239,0
5,10002,0,2,3250,3250,0
5,10003,0,2,3250,3259,9
5,2001,0,0,3259,3259,0
1,1030,0,0,3259,3259,0
1,10000,0,2,3260,3260,0
1,10001,0,2,3260,3260,0
1,1999,0,0,3260,3260,0
6,30000,0,2,3260,3260,0
6,1997,0,0,3261,3261,0
0,1999,0,0,3272,3272,0
0,1999,0,1,3272,3272,0
0,2001,0,1,3272,3272,0
3,1030,0,1,3273,3273,0
6,2001,0,0,3274,3274,0
6,1030,0,0,3274,3274,0
1,2002,0,1,3275,3275,0
0,2001,0,1,3275,3275,0
0,1999,0,0,3275,3275,0
1,2002,0,2,3285,3285,0
6,1996,0,0,3310,3310,0
3,1030,0,1,3310,3310,0
3,1030,0,1,3315,3315,0
3,1030,0,1,3321,3321,0
3,1030,0,1,3321,3321,0
3,1030,0,1,3332,3332,0
1,2002,0,1,3336,3336,0
1,1030,0,1,3336,3336,0
1,1030,0,2,3336,3336,0
1,2002,0,2,3336,3336,0
1,1030,0,1,3336,3336,0
1,1030,0,2,3336,3336,0
1,2002,0,1,3338,3338,0
1,1030,0,1,3338,3338,0
1,1030,0,2,3338,3338,0
1,2002,0,2,3339,3339,0
0,2001,0,2,3339,3339,0
1,2002,0,1,3341,3341,0
0,2001,0,1,3351,3351,0
0,1999,0,0,3351,3351,0
6,1996,0,0,3354,3354,0
3,1030,0,1,3367,3367,0
3,1030,0,1,3370,3370,0
3,1030,0,1,3372,3372,0
0,2001,0,2,3381,3381,0
0,2001,0,1,3381,3381,0
1,2002,0,2,3380,3381,0
0,1999,0,0,3381,3381,0
1,1030,0,1,3384,3384,0
1,1030,0,2,3384,3384,0
1,2002,0,1,3384,3384,0
1,2002,0,2,3391,3391,0
6,1996,0,0,3394,3394,0
3,1030,0,1,3415,3415,0
1,2002,0,1,3415,3415,0
1,1030,0,1,3415,3415,0
1,1030,0,2,3415,3415,0
1,2002,0,2,3418,3418,0
1,2002,0,1,3418,3418,0
0,2001,0,2,3419,3419,0
0,2001,0,1,3419,3419,0
0,1999,0,0,3419,3419,0
6,1996,0,0,3430,3430,0
1,2002,0,2,3452,3452,0
1,2002,0,1,3453,3453,0
0,2001,0,2,3454,3454,0
0,2001,0,1,3454,3454,0
0,1999,0,0,3454,3454,0
6,1996,0,0,3457,3457,0
1,2002,0,2,3479,3479,0
1,2002,0,1,3481,3481,0
0,2001,0,2,3482,3482,0
0,2001,0,1,3482,3482,0
0,1999,0,0,3482,3482,0
6,1996,0,0,3486,3486,0
1,2002,0,1,3510,3510,0
0,2001,0,2,3510,3510,0
1,2002,0,2,3524,3524,0
0,2001,0,1,3524,3524,0
0,1999,0,0,3524,3524,0
6,1996,0,0,3535,3535,0
1,2002,0,2,3557,3557,0
1,2002,0,1,3558,3558,0
0,2001,0,2,3559,3559,0
0,2001,0,1,3560,3560,0
0,1999,0,0,3560,3560,0
6,1996,0,0,3563,3563,0
3,1030,0,1,3586,3586,0
0,2001,0,2,3587,3587,0
0,2001,0,1,3588,3588,0
3,1030,0,1,3588,3588,0
3,1030,0,1,3589,3589,0
0,2001,0,1,3590,3590,0
3,1030,0,1,3590,3590,0
1,2002,0,2,3591,3591,0
0,2001,0,1,3593,3593,0
0,1999,0,0,3593,3593,0
1,2002,0,1,3595,3595,0
6,1996,0,0,3599,3599,0
1,2002,0,1,3622,3622,0
1,1030,0,1,3622,3622,0
1,1030,0,2,3622,3622,0
1,2002,0,2,3624,3624,0
1,2002,0,1,3625,3625,0
0,2001,0,2,3626,3626,0
0,2001,0,1,3626,3626,0
0,1999,0,0,3626,3626,0
6,1996,0,0,3638,3638,0
1,2002,0,1,3660,3660,0
1,1030,0,1,3660,3660,0
1,1030,0,2,3660,3660,0
0,2001,0,2,3663,3663,0
0,2001,0,1,3663,3663,0
0,1999,0,0,3663,3663,0
1,2002,0,1,3664,3664,0
1,2002,0,2,3664,3664,0
6,1996,0,0,3669,3669,0
0,2001,0,2,3693,3693,0
0,2001,0,1,3693,3693,0
0,1999,0,0,3693,3693,0
1,2002,0,1,3694,3694,0
1,2002,0,2,3695,3695,0
6,1996,0,0,3698,3698,0
1,2002,0,1,3718,3718,0
1,1030,0,1,3718,3718,0
1,1030,0,2,3718,3718,0
0,2001,0,2,3719,3719,0
3,1030,0,2,3720,3720,0
1,2002,0,1,3722,3722,0
0,2001,0,2,3722,3722,0
0,2001,0,1,3722,3722,0
0,1999,0,0,3722,3722,0
1,2002,0,2,3722,3722,0
6,1996,0,0,3725,3725,0
0,2001,0,2,3748,3748,0
0,2001,0,1,3748,3748,0
3,1030,0,1,3749,3749,0
3,1030,0,1,3750,3750,0
0,2001,0,1,3751,3751,0
3,1030,0,1,3751,3751,0
1,2002,0,2,3753,3753,0
0,2001,0,1,3754,3754,0
0,1999,0,0,3754,3754,0
1,2002,0,1,3758,3758,0
6,1996,0,0,3775,3775,0
1,2002,0,1,3789,3789,0
1,1030,0,1,3789,3789,0
1,1030,0,2,3789,3789,0
1,2002,0,1,3792,3792,0
1,1030,0,1,3792,3792,0
1,1030,0,2,3792,3792,0
0,2001,0,2,3798,3798,0
3,1030,0,2,3800,3800,0
1,2002,0,2,3801,3801,0
0,2001,0,2,3803,3803,0
0,2001,0,1,3804,3804,0
1,2002,0,1,3810,3810,0
0,1999,0,0,3814,3814,0
6,1996,0,0,3837,3837,0
3,1030,0,1,3860,3860,0
1,2002,0,1,3865,3865,0
1,1030,0,1,3865,3865,0
1,1030,0,2,3865,3865,0
1,2002,0,2,3865,3865,0
1,1030,0,1,3866,3866,0
1,1030,0,2,3866,3866,0
1,2002,0,1,3867,3867,0
1,1030,0,1,3867,3867,0
1,1030,0,2,3867,3867,0
1,2002,0,2,3868,3868,0
1,2002,0,1,3871,3871,0
0,2001,0,2,3872,3872,0
0,2001,0,1,3872,3872,0
0,1999,0,0,3872,3872,0
6,1996,0,0,3891,3891,0
1,2002,0,1,3914,3914,0
1,1030,0,1,3914,3914,0
1,1030,0,2,3914,3914,0
0,2001,0,2,3914,3914,0
3,1030,0,2,3915,3915,0
0,2001,0,2,3918,3918,0
1,2002,0,1,3919,3919,0
0,2001,0,1,3927,3927,0
1,2002,0,2,3928,3928,0
0,1999,0,0,3928,3928,0
6,1996,0,0,3957,3957,0
0,2001,0,2,3980,3980,0
0,2001,0,1,3980,3980,0
0,1999,0,0,3980,3980,0
1,2002,0,1,3982,3982,0
1,2002,0,2,4004,4004,0
6,1996,0,0,4011,4011,0
0,2001,0,2,4034,4034,0
0,2001,0,1,4035,4035,0
0,1999,0,0,4035,4035,0
1,2002,0,2,4036,4036,0
1,2002,0,1,4037,4037,0
6,1996,0,0,4041,4041,0
0,2001,0,2,4065,4065,0
0,2001,0,1,4065,4065,0
0,1999,0,0,4065,4065,0
1,2002,0,1,4067,4067,0
1,2002,0,2,4068,4068,0
6,1996,0,0,4073,4073,0
0,2001,0,2,4096,4096,0
3,1030,0,2,4097,4097,0
1,2002,0,1,4098,4098,0
1,2002,0,2,4098,4098,0
0,2001,0,2,4100,4100,0
0,2001,0,1,4104,4104,0
0,1999,0,0,4104,4104,0
6,1996,0,0,4124,4124,0
1,2002,0,2,4148,4148,0
1,2002,0,1,4149,4149,0
0,2001,0,2,4149,4150,0
0,2001,0,1,4150,4150,0
0,1999,0,0,4150,4150,0
6,1996,0,0,4154,4154,0
1,2002,0,2,4178,4178,0
0,2001,0,2,4180,4180,0
1,2002,0,1,4180,4180,0
0,2001,0,1,4180,4180,0
0,1999,0,0,4180,4180,0
6,1996,0,0,4183,4183,0
1,2002,0,2,4207,4207,0
0,2001,0,2,4209,4209,0
0,2001,0,1,4210,4210,0
1,2002,0,1,4210,4210,0
0,1999,0,0,4210,4210,0
6,1996,0,0,4213,4213,0
1,2002,0,2,4237,4237,0
0,2001,0,2,4239,4239,0
1,2002,0,1,4239,4239,0
0,2001,0,1,4239,4239,0
0,1999,0,0,4239,4239,0
6,1996,0,0,4242,4242,0
3,1030,0,1,4268,4268,0
0,2001,0,2,4268,4268,0
1,2002,0,1,4278,4278,0
0,2001,0,1,4278,4278,0
0,1999,0,0,4278,4278,0
1,2002,0,2,4284,4284,0
6,1996,0,0,4297,4297,0
1,2002,0,1,4320,4320,0
1,1030,0,1,4320,4320,0
1,1030,0,2,4320,4320,0
0,2001,0,2,4320,4320,0
1,2002,0,1,4332,4332,0
3,1030,0,2,4339,4339,0
0,2001,0,2,4343,4343,0
1,2002,0,2,4343,4343,0
0,2001,0,1,4343,4343,0
0,1999,0,0,4344,4344,0
6,1996,0,0,4391,4391,0
0,2001,0,2,4418,4418,0
3,1030,0,2,4419,4419,0
0,2001,0,2,4421,4421,0
3,1030,0,2,4422,4422,0
0,2001,0,2,4425,4425,0
3,1030,0,2,4426,4426,0
3,1030,0,1,4427,4427,0
0,2001,0,2,4428,4428,0
0,2001,0,1,4430,4430,0
3,1030,0,1,4431,4431,0
3,1030,0,1,4431,4431,0
3,1030,0,1,4434,4434,0
0,2001,0,1,4435,4435,0
0,1999,0,0,4435,4435,0
1,2002,0,1,4435,4435,0
1,2002,0,2,4448,4448,0
6,1996,0,0,4473,4473,0
1,2002,0,1,4490,4490,0
1,1030,0,1,4490,4490,0
1,1030,0,2,4490,4490,0
1,2002,0,1,4493,4493,0
1,1030,0,1,4494,4494,0
1,1030,0,2,4494,4494,0
1,2002,0,1,4496,4496,0
1,1030,0,1,4496,4496,0
1,1030,0,2,4496,4496,0
1,2002,0,1,4499,4499,0
1,1030,0,1,4499,4499,0
1,1030,0,2,4499,4499,0
1,2002,0,1,4503,4503,0
1,1030,0,1,4503,4503,0
1,1030,0,2,4503,4503,0
1,2002,0,2,4503,4503,0
0,2001,0,2,4504,4504,0
1,2002,0,1,4519,4519,0
0,2001,0,1,4519,4519,0
0,1999,0,0,4520,4520,0
6,1996,0,0,4560,4560,0
0,2001,0,2,4579,4579,0
3,1030,0,2,4580,4580,0
0,2001,0,2,4582,4582,0
3,1030,0,2,4582,4582,0
0,2001,0,2,4584,4584,0
0,2001,0,1,4584,4584,0
3,1030,0,1,4585,4585,0
3,1030,0,1,4586,4586,0
1,2002,0,1,4587,4587,0
0,2001,0,1,4587,4587,0
0,1999,0,0,4588,4588,0
1,2002,0,2,4590,4590,0
6,1996,0,0,4594,4595,0
1,2002,0,1,4618,4618,0
3,1030,0,2,4619,4619,0
0,2001,0,2,4620,4620,0
0,2001,0,1,4620,4620,0
0,1999,0,0,4620,4620,0
1,2002,0,2,4620,4621,0
6,1996,0,0,4637,4637,0
0,2001,0,2,4663,4663,0
3,1030,0,1,4663,4663,0
0,2001,0,1,4663,4663,0
3,1030,0,1,4663,4663,0
0,2001,0,1,4665,4665,0
3,1030,0,1,4666,4666,0
1,2002,0,2,4667,4667,0
1,2002,0,1,4668,4668,0
0,2001,0,1,4669,4669,0
0,1999,0,0,4671,4671,0
6,1996,0,0,4689,4689,0
3,1030,0,1,4718,4718,0
0,2001,0,2,4718,4718,0
0,2001,0,1,4721,4721,0
0,1999,0,0,4721,4721,0
3,1030,0,1,4721,4721,0
1,2002,0,1,4723,4723,0
1,2002,0,2,4728,4728,0
6,1996,0,0,4747,4747,0
1,2002,0,1,4761,4761,0
1,1030,0,1,4761,4761,0
1,1030,0,2,4761,4761,0
1,2002,0,1,4763,4763,0
1,1030,0,1,4764,4764,0
1,1030,0,2,4764,4764,0
0,2001,0,2,4773,4773,0
1,2002,0,1,4773,4773,0
3,1030,0,2,4774,4775,1
3,1030,0,2,4775,4775,0
1,2002,0,2,4775,4775,0
0,2001,0,2,4776,4776,0
0,2001,0,1,4776,4776,0
0,1999,0,0,4776,4776,0
6,1996,0,0,4789,4789,0
0,2001,0,2,4818,4818,0
0,2001,0,1,4818,4818,0
3,1030,0,1,4818,4818,0
3,1030,0,1,4818,4818,0
1,2002,0,1,4819,4819,0
0,2001,0,1,4820,4820,0
0,1999,0,0,4821,4821,0
1,2002,0,2,4821,4821,0
6,1996,0,0,4827,4827,0
1,2002,0,1,4842,4842,0
1,1030,0,1,4843,4843,0
1,1030,0,2,4843,4843,0
1,2002,0,1,4845,4845,0
1,1030,0,1,4845,4845,0
1,1030,0,2,4845,4845,0
1,2002,0,1,4847,4847,0
1,1030,0,1,4847,4847,0
1,1030,0,2,4847,4847,0
1,2002,0,1,4850,4850,0
3,1030,0,2,4851,4851,0
1,2002,0,2,4854,4854,0
0,2001,0,2,4854,4854,0
0,2001,0,1,4854,4854,0
0,1999,0,0,4854,4854,0
6,1996,0,0,4865,4865,0
0,2001,0,2,4888,4888,0
3,1030,0,2,4889,4889,0
1,2002,0,1,4889,4889,0
1,2002,0,2,4890,4890,0
0,2001,0,2,4891,4891,0
0,2001,0,1,4891,4891,0
0,1999,0,0,4891,4891,0
6,1996,0,0,4906,4906,0
1,2002,0,1,4932,4932,0
1,2002,0,2,4932,4932,0
0,2001,0,2,4933,4933,0
0,2001,0,1,4933,4933,0
0,1999,0,0,4933,4933,0
6,1996,0,0,4939,4939,0
1,2002,0,2,4964,4965,0
0,2001,0,2,4965,4965,0
0,2001,0,1,4965,4965,0
0,1999,0,0,4965,4965,0
1,2002,0,1,4968,4968,0
6,1996,0,0,4982,4982,0
1,2002,0,1,5005,5005,0
3,1030,0,1,5005,5005,0
0,2001,0,2,5006,5006,0
0,2001,0,1,5006,5006,0
0,1999,0,0,5006,5006,0
1,1030,0,1,5023,5023,0
1,1030,0,2,5023,5023,0
1,2002,0,2,5023,5023,0
1,2002,0,1,5025,5025,0
6,1996,0,0,5050,5050,0
0,2001,0,2,5075,5075,0
3,1030,0,1,5075,5075,0
0,2001,0,1,5076,5076,0
3,1030,0,1,5087,5087,0
0,2001,0,1,5090,5090,0
1,2002,0,1,5090,5090,0
0,1999,0,0,5090,5090,0
1,2002,0,2,5090,5092,1
6,1996,0,0,5113,5113,0
1,2002,0,1,5132,5132,0
1,1030,0,1,5132,5132,0
1,1030,0,2,5132,5132,0
1,2002,0,1,5143,5143,0
1,1030,0,1,5143,5143,0
1,1030,0,2,5143,5143,0
1,2002,0,2,5143,5143,0
0,2001,0,2,5148,5149,0
0,2001,0,1,5149,5149,0
0,1999,0,0,5149,5149,0
1,2002,0,1,5152,5152,0
6,1996,0,0,5170,5170,0
1,2002,0,1,5193,5193,0
1,1030,0,1,5194,5194,0
1,1030,0,2,5194,5194,0
1,2002,0,1,5196,5196,0
1,1030,0,1,5196,5196,0
1,1030,0,2,5196,5196,0
1,2002,0,1,5210,5210,0
0,2001,0,2,5211,5211,0
0,2001,0,1,5211,5211,0
1,2002,0,2,5211,5211,0
0,1999,0,0,5211,5211,0
6,1996,0,0,5247,5247,0
0,2001,0,2,5264,5264,0
3,1030,0,2,5268,5268,0
1,2002,0,1,5275,5275,0
0,2001,0,2,5279,5279,0
3,1030,0,2,5279,5279,0
0,2001,0,1,5279,5279,0
0,1999,0,0,5279,5279,0
1,2002,0,2,5291,5291,0
6,1996,0,0,5340,5340,0
3,1030,0,1,5361,5361,0
1,2002,0,1,5369,5369,0
1,1030,0,1,5369,5369,0
1,1030,0,2,5369,5369,0
0,2001,0,2,5372,5372,0
0,2001,0,1,5372,5372,0
0,1999,0,0,5372,5372,0
1,2002,0,1,5373,5373,0
1,2002,0,2,5375,5375,0
6,1996,0,0,5382,5382,0
0,2001,0,2,5403,5403,0
0,2001,0,1,5404,5404,0
3,1030,0,1,5404,5404,0
0,2001,0,1,5406,5406,0
3,1030,0,1,5407,5407,0
1,2002,0,2,5423,5423,0
1,2002,0,1,5423,5423,0
0,2001,0,1,5426,5426,0
0,1999,0,0,5437,5437,0
6,1996,0,0,5453,5453,0
3,1030,0,1,5477,5477,0
3,1030,0,1,5481,5481,0
0,2001,0,2,5485,5486,0
3,1030,0,1,5486,5486,0
1,2002,0,1,5486,5486,0
0,2001,0,1,5489,5489,0
1,2002,0,2,5489,5489,0
0,1999,0,0,5503,5503,0
6,1996,0,0,5515,5515,0
0,2001,0,2,5536,5536,0
3,1030,0,2,5537,5537,0
1,2002,0,1,5548,5548,0
3,1030,0,1,5548,5548,0
0,2001,0,2,5550,5550,0
1,2002,0,2,5557,5557,0
0,2001,0,1,5557,5557,0
0,1999,0,0,5557,5557,0
6,1996,0,0,5607,5607,0
1,2002,0,1,5608,5608,0
1,1030,0,1,5608,5608,0
1,1030,0,2,5608,5608,0
1,2002,0,1,5611,5611,0
1,1030,0,1,5611,5611,0
1,1030,0,2,5611,5611,0
1,2002,0,1,5613,5613,0
1,1030,0,1,5613,5613,0
1,1030,0,2,5613,5613,0
0,2001,0,2,5628,5628,0
3,1030,0,2,5630,5630,0
0,2001,0,2,5632,5632,0
1,2002,0,1,5632,5632,0
3,1030,0,2,5633,5633,0
1,2002,0,2,5635,5635,0
0,2001,0,2,5637,5637,0
0,2001,0,1,5637,5637,0
0,1999,0,0,5637,5637,0
6,1996,0,0,5643,5643,0
1,2002,0,1,5667,5667,0
1,1030,0,1,5667,5667,0
1,1030,0,2,5667,5667,0
1,2002,0,1,5670,5670,0
1,1030,0,1,5670,5670,0
1,1030,0,2,5670,5670,0
1,2002,0,1,5672,5672,0
1,1030,0,1,5672,5672,0
1,1030,0,2,5672,5672,0
0,2001,0,2,5672,5672,0
3,1030,0,2,5673,5673,0
0,2001,0,2,5676,5676,0
1,2002,0,1,5676,5676,0
3,1030,0,2,5677,5677,0
1,2002,0,2,5677,5677,0
0,2001,0,2,5684,5684,0
0,2001,0,1,5684,5684,0
0,1999,0,0,5691,5691,0
6,1996,0,0,5695,5695,0
3,1030,0,1,5716,5716,0
0,2001,0,2,5718,5718,0
0,2001,0,1,5719,5719,0
3,1030,0,1,5719,5719,0
1,2002,0,2,5719,5719,0
1,2002,0,1,5720,5720,0
0,2001,0,1,5723,5723,0
0,1999,0,0,5727,5727,0
6,1996,0,0,5737,5737,0
1,2002,0,2,5761,5761,0
1,2002,0,1,5763,5763,0
0,2001,0,2,5764,5764,0
0,2001,0,1,5764,5764,0
0,1999,0,0,5764,5764,0
6,1996,0,0,5769,5769,0
1,2002,0,2,5793,5793,0
1,2002,0,1,5795,5795,0
0,2001,0,2,5796,5796,0
0,2001,0,1,5797,5797,0
0,1999,0,0,5798,5798,0
6,1996,0,0,5805,5805,0
1,2002,0,1,5829,5829,0
3,1030,0,1,5829,5829,0
0,2001,0,2,5832,5832,0
1,2002,0,2,5841,5841,0
0,2001,0,1,5841,5841,0
0,1999,0,0,5848,5848,0
6,1996,0,0,5864,5864,0
3,1030,0,1,5891,5891,0
1,2002,0,1,5891,5891,0
1,1030,0,1,5892,5892,0
1,1030,0,2,5892,5892,0
1,2002,0,2,5894,5894,0
1,1030,0,1,5895,5895,0
1,1030,0,2,5895,5895,0
1,2002,0,1,5895,5895,0
1,2002,0,2,5911,5911,0
0,2001,0,2,5911,5911,0
0,2001,0,1,5917,5917,0
0,1999,0,0,5931,5931,0
6,1996,0,0,5943,5943,0
1,2002,0,1,5967,5967,0
3,1030,0,2,5968,5968,0
1,2002,0,2,5973,5973,0
0,2001,0,2,5983,5983,0
0,2001,0,1,5984,5984,0
0,1999,0,0,5995,5995,0
6,1996,0,0,6033,6033,0
1,2002,0,1,6053,6053,0
0,2001,0,2,6053,6053,0
3,1030,0,2,6053,6054,0
3,1030,0,2,6055,6055,0
0,2001,0,2,6057,6058,0
1,2002,0,2,6075,6075,0
0,2001,0,1,6075,6075,0
0,1999,0,0,6076,6076,0
6,1996,0,0,6083,6083,0
0,2001,0,2,6106,6106,0
0,2001,0,1,6107,6107,0
3,1030,0,1,6108,6108,0
0,1999,0,0,6108,6108,0
1,2002,0,1,6109,6109,0
1,2002,0,2,6127,6127,0
6,1996,0,0,6137,6137,0
0,2001,0,2,6161,6161,0
1,2002,0,1,6163,6163,0
0,2001,0,1,6164,6164,0
0,1999,0,0,6164,6164,0
1,2002,0,2,6164,6164,0
6,1996,0,0,6172,6172,0
0,2001,0,2,6195,6195,0
1,2002,0,2,6196,6196,0
3,1030,0,2,6196,6196,0
1,2002,0,1,6197,6197,0
0,2001,0,2,6199,6199,0
0,2001,0,1,6203,6203,0
0,1999,0,0,6203,6203,0
6,1996,0,0,6208,6208,0
1,2002,0,2,6232,6232,0
1,2002,0,1,6233,6233,0
0,2001,0,2,6234,6234,0
0,2001,0,1,6234,6234,0
0,1999,0,0,6234,6234,0
6,1996,0,0,6238,6238,0
1,2002,0,2,6262,6262,0
1,2002,0,1,6264,6264,0
0,2001,0,2,6265,6265,0
0,2001,0,1,6265,6265,0
0,1999,0,0,6265,6265,0
6,1996,0,0,6269,6269,0
1,2002,0,2,6293,6293,0
1,2002,0,1,6295,6295,0
0,2001,0,2,6295,6295,0
0,2001,0,1,6296,6296,0
0,1999,0,0,6296,6296,0
6,1996,0,0,6299,6299,0
1,2002,0,2,6324,6324,0
1,2002,0,1,6325,6325,0
0,2001,0,2,6326,6326,0
0,2001,0,1,6326,6326,0
0,1999,0,0,6326,6326,0
6,1996,0,0,6330,6330,0
1,2002,0,2,6355,6355,0
1,2002,0,1,6356,6356,0
0,2001,0,2,6357,6357,0
0,2001,0,1,6357,6357,0
0,1999,0,0,6357,6357,0
6,1996,0,0,6361,6361,0
1,2002,0,2,6386,6386,0
1,2002,0,1,6387,6387,0
0,2001,0,2,6387,6387,0
0,2001,0,1,6388,6388,0
0,1999,0,0,6388,6388,0
6,1996,0,0,6392,6392,0
1,2002,0,2,6416,6416,0
1,2002,0,1,6418,6418,0
0,2001,0,2,6418,6418,0
0,2001,0,1,6419,6419,0
0,1999,0,0,6419,6419,0
6,1996,0,0,6422,6422,0
1,2002,0,2,6447,6447,0
1,2002,0,1,6448,6448,0
0,2001,0,2,6448,6448,0
0,2001,0,1,6449,6449,0
0,1999,0,0,6449,6449,0
6,1996,0,0,6453,6453,0
1,2002,0,2,6478,6478,0
1,2002,0,1,6478,6478,0
0,2001,0,2,6479,6479,0
0,2001,0,1,6479,6479,0
0,1999,0,0,6479,6479,0
6,1996,0,0,6484,6484,0
1,2002,0,2,6508,6508,0
1,2002,0,1,6510,6510,0
0,2001,0,2,6510,6510,0
0,2001,0,1,6510,6510,0
0,1999,0,0,6510,6510,0
6,1996,0,0,6514,6514,0
0,2001,0,2,6538,6538,0
0,2001,0,1,6538,6538,0
0,1999,0,0,6539,6539,0
1,2002,0,2,6539,6539,0
1,2002,0,1,6541,6541,0
6,1996,0,0,6557,6557,0
0,2001,0,2,6578,6578,0
0,2001,0,1,6579,6579,0
3,1030,0,1,6599,6599,0
1,2002,0,1,6599,6599,0
1,2002,0,2,6599,6599,0
0,2001,0,1,6602,6602,0
0,1999,0,0,6602,6602,0
6,1996,0,0,6607,6607,0
1,2002,0,1,6631,6631,0
1,1030,0,1,6631,6631,0
1,1030,0,2,6631,6631,0
1,2002,0,2,6633,6633,0
1,1030,0,1,6633,6633,0
1,1030,0,2,6633,6633,0
1,2002,0,1,6634,6634,0
1,1030,0,1,6634,6634,0
1,1030,0,2,6634,6634,0
0,2001,0,2,6634,6634,0
1,2002,0,2,6636,6636,0
0,2001,0,1,6636,6636,0
1,2002,0,1,6636,6636,0
0,1999,0,0,6636,6636,0
6,1996,0,0,6661,6661,0
1,2002,0,2,6688,6688,0
1,1030,0,1,6688,6688,0
1,1030,0,2,6688,6688,0
1,2002,0,1,6689,6689,0
0,2001,0,2,6690,6690,0
0,2001,0,1,6690,6690,0
0,1999,0,0,6690,6690,0
1,2002,0,2,6691,6691,0
6,1996,0,0,6702,6702,0
0,2001,0,2,6729,6729,0
1,2002,0,1,6730,6730,0
0,2001,0,1,6730,6730,0
1,2002,0,2,6731,6731,0
0,1999,0,0,6731,6731,0
6,1996,0,0,6749,6749,0
1,2002,0,1,6777,6777,0
1,2002,0,2,6778,6778,0
0,2001,0,2,6791,6791,0
0,2001,0,1,6793,6793,0
0,1999,0,0,6793,6793,0
6,1996,0,0,6812,6812,0
0,2001,0,2,6826,6826,0
3,1030,0,2,6827,6827,0
1,2002,0,1,6840,6840,0
1,2002,0,2,6840,6840,0
0,2001,0,2,6842,6842,0
0,2001,0,1,6842,6842,0
0,1999,0,0,6855,6855,0
6,1996,0,0,6863,6863,0
0,2001,0,2,6883,6883,0
3,1030,0,2,6884,6884,0
1,2002,0,1,6897,6897,0
0,2001,0,2,6898,6898,0
0,2001,0,1,6898,6898,0
0,1999,0,0,6898,6898,0
3,1030,0,1,6898,6898,0
1,2002,0,2,6914,6914,0
6,1996,0,0,6927,6927,0
1,2002,0,1,6953,6953,0
1,1030,0,1,6953,6953,0
1,1030,0,2,6953,6953,0
1,2002,0,2,6954,6954,0
0,2001,0,2,6955,6955,0
0,2001,0,1,6955,6955,0
0,1999,0,0,6955,6955,0
1,2002,0,1,6956,6956,0
6,1996,0,0,6959,6959,0
0,2001,0,2,6975,6975,0
3,1030,0,2,6975,6975,0
0,2001,0,2,6978,6978,0
3,1030,0,2,6979,6979,0
0,2001,0,2,6981,6981,0
0,2001,0,1,6981,6981,0
3,1030,0,1,6982,6982,0
1,2002,0,2,6983,6983,0
0,2001,0,1,6984,6984,0
0,1999,0,0,6984,6984,0
1,2002,0,1,6985,6985,0
6,1996,0,0,7007,7007,0
3,1030,0,1,7029,7029,0
0,2001,0,2,7030,7030,0
1,2002,0,1,7039,7039,0
0,2001,0,1,7039,7039,0
0,1999,0,0,7040,7040,0
1,2002,0,2,7059,7059,0
6,1996,0,0,7066,7066,0
0,2001,0,2,7089,7089,0
1,2002,0,1,7089,7089,0
3,1030,0,2,7090,7090,0
3,1030,0,2,7090,7090,0
0,2001,0,2,7093,7093,0
3,1030,0,2,7096,7096,0
0,2001,0,2,7097,7097,0
0,2001,0,1,7098,7098,0
0,1999,0,0,7098,7098,0
1,2002,0,2,7115,7115,0
6,1996,0,0,7117,7117,0
0,2001,0,2,7150,7150,0
1,2002,0,1,7151,7151,0
0,2001,0,1,7151,7151,0
0,1999,0,0,7151,7152,0
1,2002,0,2,7152,7152,0
6,1996,0,0,7167,7167,0
1,2002,0,1,7193,7193,0
3,1030,0,2,7194,7194,0
0,2001,0,2,7195,7196,0
3,1030,0,2,7196,7196,0
1,2002,0,2,7197,7197,0
3,1030,0,2,7197,7198,1
0,2001,0,2,7199,7199,0
0,2001,0,1,7207,7207,0
0,1999,0,0,7207,7207,0
6,1996,0,0,7213,7213,0
3,1030,0,1,7229,7229,0
3,1030,0,1,7232,7232,0
3,1030,0,1,7235,7235,0
3,1030,0,1,7238,7238,0
3,1030,0,1,7242,7242,0
1,2002,0,2,7245,7245,0
1,1030,0,1,7245,7245,0
1,1030,0,2,7245,7245,0
1,2002,0,1,7246,7246,0
1,1030,0,1,7246,7246,0
1,1030,0,2,7246,7246,0
1,2002,0,2,7248,7248,0
1,1030,0,1,7248,7248,0
1,1030,0,2,7248,7248,0
1,2002,0,1,7248,7248,0
0,2001,0,2,7248,7248,0
0,2001,0,1,7249,7249,0
1,2002,0,2,7251,7251,0
0,1999,0,0,7251,7251,0
6,1996,0,0,7254,7254,0
1,2002,0,1,7274,7274,0
1,1030,0,1,7275,7275,0
1,1030,0,2,7275,7275,0
0,2001,0,2,7276,7276,0
1,2002,0,1,7280,7280,0
1,2002,0,2,7295,7295,0
3,1030,0,2,7295,7295,0
0,2001,0,2,7297,7297,0
0,2001,0,1,7303,7303,0
0,1999,0,0,7304,7304,0
6,1996,0,0,7309,7309,0
1,2002,0,1,7332,7332,0
1,1030,0,1,7332,7332,0
1,1030,0,2,7332,7332,0
1,2002,0,1,7333,7333,0
1,1030,0,1,7334,7334,0
1,1030,0,2,7334,7334,0
1,2002,0,1,7336,7336,0
1,1030,0,1,7336,7336,0
1,1030,0,2,7336,7336,0
0,2001,0,2,7337,7337,0
3,1030,0,2,7343,7343,0
1,2002,0,1,7343,7343,0
3,1030,0,2,7344,7344,0
0,2001,0,2,7346,7346,0
0,2001,0,1,7347,7347,0
0,1999,0,0,7348,7348,0
1,2002,0,2,7348,7348,0
6,1996,0,0,7364,7364,0
1,2002,0,2,7394,7394,0
1,1030,0,1,7395,7395,0
1,1030,0,2,7395,7395,0
1,2002,0,1,7395,7395,0
0,2001,0,2,7397,7397,0
1,2002,0,2,7398,7398,0
0,2001,0,1,7398,7398,0
0,1999,0,0,7399,7399,0
6,1996,0,0,7416,7416,0
0,2001,0,2,7433,7433,0
3,1030,0,1,7438,7438,0
3,1030,0,1,7440,7440,0
1,2002,0,1,7455,7455,0
1,2002,0,2,7455,7455,0
3,1030,0,2,7455,7455,0
0,2001,0,2,7458,7458,0
0,2001,0,1,7480,7480,0
0,1999,0,0,7480,7480,0
6,1996,0,0,7496,7496,0
0,2001,0,2,7515,7515,0
3,1030,0,2,7516,7516,0
0,2001,0,2,7517,7517,0
0,2001,0,1,7517,7517,0
3,1030,0,1,7518,7518,0
0,2001,0,1,7519,7519,0
1,2002,0,1,7538,7538,0
0,1999,0,0,7539,7539,0
1,2002,0,2,7539,7539,0
6,1996,0,0,7545,7545,0
0,2001,0,2,7575,7575,0
3,1030,0,2,7577,7577,0
0,2001,0,2,7579,7579,0
1,2002,0,1,7580,7580,0
3,1030,0,2,7582,7582,0
0,2001,0,2,7584,7584,0
1,2002,0,2,7584,7584,0
0,2001,0,1,7585,7585,0
0,1999,0,0,7585,7585,0
6,1996,0,0,7588,7588,0
3,1030,0,1,7607,7607,0
3,1030,0,1,7610,7610,0
1,2002,0,1,7610,7610,0
1,1030,0,1,7610,7610,0
1,1030,0,2,7610,7610,0
1,2002,0,1,7612,7612,0
0,2001,0,2,7612,7613,0
0,2001,0,1,7628,7628,0
0,1999,0,0,7630,7630,0
1,2002,0,2,7630,7630,0
6,1996,0,0,7653,7653,0
1,2002,0,1,7676,7676,0
1,2002,0,2,7677,7677,0
0,2001,0,2,7678,7678,0
0,2001,0,1,7678,7678,0
0,1999,0,0,7678,7678,0
6,1996,0,0,7681,7681,0
1,2002,0,2,7704,7704,0
1,2002,0,1,7705,7705,0
0,2001,0,2,7706,7706,0
0,2001,0,1,7706,7706,0
0,1999,0,0,7706,7706,0
6,1996,0,0,7709,7709,0
1,2002,0,2,7733,7733,0
1,2002,0,1,7734,7734,0
0,2001,0,2,7735,7735,0
0,2001,0,1,7735,7735,0
0,1999,0,0,7735,7735,0
6,1996,0,0,7738,7738,0
1,2002,0,2,7761,7761,0
1,2002,0,1,7762,7762,0
0,2001,0,2,7763,7763,0
0,2001,0,1,7763,7763,0
0,1999,0,0,7763,7763,0
6,1996,0,0,7766,7766,0
1,2002,0,2,7789,7789,0
1,2002,0,1,7790,7790,0
0,2001,0,2,7791,7791,0
0,2001,0,1,7791,7791,0
0,1999,0,0,7792,7792,0
6,1996,0,0,7795,7795,0
1,2002,0,2,7818,7818,0
1,2002,0,1,7819,7819,0
0,2001,0,2,7820,7820,0
0,2001,0,1,7820,7820,0
0,1999,0,0,7820,7820,0
6,1996,0,0,7823,7823,0
1,2002,0,2,7847,7847,0
1,2002,0,1,7848,7848,0
0,2001,0,2,7849,7849,0
0,2001,0,1,7849,7849,0
0,1999,0,0,7849,7849,0
6,1996,0,0,7852,7852,0
1,2002,0,2,7875,7875,0
1,2002,0,1,7876,7876,0
0,2001,0,2,7877,7877,0
0,2001,0,1,7878,7878,0
0,1999,0,0,7878,7878,0
6,1996,0,0,7881,7881,0
1,2002,0,2,7904,7904,0
1,1030,0,1,7904,7904,0
1,1030,0,2,7904,7904,0
0,2001,0,2,7904,7904,0
1,2002,0,1,7905,7905,0
1,2002,0,2,7908,7908,0
0,2001,0,1,7923,7923,0
0,1999,0,0,7924,7924,0
6,1996,0,0,7926,7926,0
0,2001,0,2,7948,7949,0
3,1030,0,2,7949,7949,0
0,2001,0,2,7952,7952,0
3,1030,0,2,7952,7952,0
0,2001,0,2,7954,7954,0
3,1030,0,2,7955,7955,0
0,2001,0,2,7957,7957,0
3,1030,0,2,7958,7958,0
3,1030,0,1,7959,7959,0
0,2001,0,2,7961,7961,0
0,2001,0,1,7963,7963,0
0,1999,0,0,7963,7963,0
3,1030,0,1,7964,7964,0
1,2002,0,1,7964,7964,0
1,2002,0,2,7982,7982,0
6,1996,0,0,7986,7986,0
1,2002,0,2,8015,8015,0
1,1030,0,1,8015,8015,0
1,1030,0,2,8015,8015,0
0,2001,0,2,8015,8016,0
1,2002,0,1,8016,8016,0
0,2001,0,1,8016,8016,0
0,1999,0,0,8016,8016,0
1,2002,0,2,8019,8019,0
6,1996,0,0,8024,8024,0
1,2002,0,1,8049,8049,0
1,1030,0,1,8049,8049,0
1,1030,0,2,8049,8049,0
1,2002,0,2,8050,8050,0
0,2001,0,2,8050,8051,0
0,2001,0,1,8051,8051,0
0,1999,0,0,8051,8051,0
1,2002,0,1,8052,8052,0
6,1996,0,0,8056,8056,0
1,2002,0,1,8077,8077,0
1,1030,0,1,8077,8077,0
1,1030,0,2,8077,8078,0
1,2002,0,2,8079,8079,0
1,2002,0,1,8080,8080,0
0,2001,0,2,8080,8080,0
0,2001,0,1,8080,8080,0
0,1999,0,0,8081,8081,0
6,1996,0,0,8084,8084,0
1,2002,0,2,8108,8108,0
1,2002,0,1,8109,8109,0
0,2001,0,2,8109,8109,0
0,2001,0,1,8109,8109,0
0,1999,0,0,8109,8109,0
6,1996,0,0,8112,8112,0
1,2002,0,2,8136,8136,0
1,2002,0,1,8137,8137,0
0,2001,0,2,8137,8137,0
0,2001,0,1,8137,8137,0
0,1999,0,0,8137,8137,0
6,1996,0,0,8164,8164,0
1,2002,0,1,8188,8188,0
0,2001,0,2,8188,8188,0
1,2002,0,2,8189,8189,0
0,2001,0,1,8189,8189,0
0,1999,0,0,8189,8189,0
6,1996,0,0,8193,8193,0
1,2002,0,1,8218,8218,0
0,2001,0,2,8218,8218,0
1,2002,0,2,8218,8218,0
0,2001,0,1,8218,8218,0
0,1999,0,0,8218,8218,0
6,1996,0,0,8222,8222,0
1,2002,0,1,8247,8247,0
0,2001,0,2,8247,8247,0
0,2001,0,1,8247,8247,0
0,1999,0,0,8247,8247,0
1,2002,0,2,8248,8248,0
6,1996,0,0,8252,8252,0
1,2002,0,1,8275,8275,0
0,2001,0,2,8276,8276,0
1,2002,0,2,8276,8276,0
0,2001,0,1,8276,8276,0
0,1999,0,0,8276,8276,0
6,1996,0,0,8280,8280,0
0,2001,0,2,8305,8305,0
1,2002,0,1,8305,8305,0
1,2002,0,2,8305,8305,0
0,2001,0,1,8305,8305,0
0,1999,0,0,8305,8305,0
6,1996,0,0,8308,8308,0
1,2002,0,1,8333,8333,0
0,2001,0,2,8333,8333,0
0,2001,0,1,8333,8333,0
0,1999,0,0,8333,8333,0
1,2002,0,2,8335,8335,0
6,1996,0,0,8340,8340,0
0,2001,0,2,8364,8364,0
1,2002,0,1,8364,8364,0
0,2001,0,1,8364,8364,0
0,1999,0,0,8365,8365,0
1,2002,0,2,8365,8365,0
6,1996,0,0,8369,8369,0
1,2002,0,1,8393,8393,0
0,2001,0,2,8393,8393,0
1,2002,0,2,8394,8394,0
0,2001,0,1,8394,8394,0
0,1999,0,0,8394,8394,0
6,1996,0,0,8398,8398,0
1,2002,0,1,8423,8423,0
0,2001,0,2,8423,8423,0
0,2001,0,1,8423,8423,0
0,1999,0,0,8423,8423,0
1,2002,0,2,8423,8423,0
6,1996,0,0,8429,8429,0
1,2002,0,1,8453,8453,0
0,2001,0,2,8454,8454,0
0,2001,0,1,8454,8454,0
0,1999,0,0,8454,8454,0
1,2002,0,2,8455,8455,0
6,1996,0,0,8460,8460,0
1,2002,0,1,8484,8484,0
0,2001,0,2,8484,8484,0
0,2001,0,1,8484,8484,0
0,1999,0,0,8484,8484,0
1,2002,0,2,8485,8485,0
6,1996,0,0,8490,8490,0
1,2002,0,1,8514,8514,0
1,1030,0,1,8514,8514,0
1,1030,0,2,8514,8514,0
1,2002,0,2,8515,8515,0
1,1030,0,1,8516,8516,0
1,1030,0,2,8516,8516,0
0,2001,0,2,8521,8521,0
0,2001,0,1,8521,8521,0
0,1999,0,0,8521,8521,0
1,2002,0,1,8531,8531,0
1,2002,0,2,8531,8531,0
6,1996,0,0,8567,8567,0
0,2001,0,2,8597,8597,0
0,2001,0,1,8603,8603,0
1,2002,0,1,8603,8603,0
3,1030,0,1,8603,8603,0
0,1999,0,0,8603,8603,0
1,2002,0,2,8634,8634,0
6,1996,0,0,8680,8680,0
0,2001,0,2,8706,8706,0
3,1030,0,2,8707,8707,0
0,2001,0,2,8710,8710,0
3,1030,0,2,8711,8711,0
0,2001,0,2,8714,8714,0
3,1030,0,2,8714,8715,0
0,2001,0,2,8716,8716,0
1,2002,0,1,8716,8716,0
3,1030,0,2,8717,8717,0
0,2001,0,2,8720,8720,0
0,2001,0,1,8736,8736,0
0,1999,0,0,8736,8736,0
1,2002,0,2,8736,8736,0
6,1996,0,0,8758,8758,0
1,2002,0,1,8782,8782,0
1,1030,0,1,8782,8782,0
1,1030,0,2,8782,8782,0
1,2002,0,1,8785,8785,0
1,1030,0,1,8785,8785,0
1,1030,0,2,8785,8785,0
1,2002,0,1,8787,8787,0
0,2001,0,2,8790,8790,0
0,2001,0,1,8794,8794,0
3,1030,0,2,8794,8794,0
0,1999,0,0,8794,8794,0
1,2002,0,2,8807,8807,0
6,1996,0,0,8820,8820,0
3,1030,0,1,8844,8844,0
0,2001,0,2,8851,8851,0
1,2002,0,1,8851,8851,0
0,2001,0,1,8875,8875,0
1,2002,0,2,8875,8875,0
0,1999,0,0,8887,8887,0
6,1996,0,0,8935,8935,0
3,1030,0,1,8967,8967,0
0,2001,0,2,8971,8971,0
0,2001,0,1,8971,8971,0
3,1030,0,1,8971,8971,0
1,2002,0,1,8973,8973,0
0,2001,0,1,8974,8974,0
0,1999,0,0,8974,8974,0
1,2002,0,2,8975,8975,0
6,1996,0,0,8979,8979,0
1,2002,0,1,9010,9010,0
1,1030,0,1,9010,9010,0
1,1030,0,2,9010,9010,0
0,2001,0,2,9011,9011,0
3,1030,0,2,9011,9011,0
1,2002,0,1,9013,9013,0
0,2001,0,2,9013,9013,0
0,2001,0,1,9014,9014,0
1,2002,0,2,9024,9024,0
0,1999,0,0,9024,9024,0
6,1996,0,0,9048,9048,0
3,1030,0,1,9074,9074,0
1,2002,0,1,9079,9079,0
1,1030,0,1,9079,9079,0
1,1030,0,2,9079,9079,0
1,2002,0,2,9079,9079,0
0,2001,0,2,9079,9079,0
0,2001,0,1,9079,9079,0
0,1999,0,0,9084,9084,0
1,2002,0,1,9084,9084,0
6,1996,0,0,9088,9088,0
3,1030,0,1,9114,9114,0
1,2002,0,1,9116,9116,0
1,1030,0,1,9116,9116,0
1,1030,0,2,9116,9116,0
0,2001,0,2,9116,9116,0
0,2001,0,1,9117,9117,0
0,1999,0,0,9120,9120,0
1,2002,0,2,9120,9120,0
1,2002,0,1,9123,9123,0
6,1996,0,0,9127,9128,0
0,2001,0,2,9156,9156,0
1,2002,0,1,9165,9165,0
1,2002,0,2,9165,9165,0
3,1030,0,2,9165,9165,0
0,2001,0,2,9168,9168,0
0,2001,0,1,9168,9168,0
0,1999,0,0,9170,9170,0
6,1996,0,0,9223,9223,0
1,2002,0,1,9239,9239,0
1,1030,0,1,9239,9239,0
1,1030,0,2,9239,9239,0
1,2002,0,1,9243,9243,0
1,1030,0,1,9243,9243,0
1,1030,0,2,9243,9244,0
1,2002,0,1,9246,9246,0
3,1030,0,2,9248,9248,0
0,2001,0,2,9248,9248,0
3,1030,0,2,9249,9250,0
3,1030,0,2,9251,9251,0
0,2001,0,2,9252,9252,0
3,1030,0,2,9253,9253,0
1,2002,0,2,9253,9254,0
0,2001,0,2,9256,9256,0
0,2001,0,1,9256,9256,0
0,1999,0,0,9256,9256,0
6,1996,0,0,9260,9260,0
0,2001,0,2,9289,9290,0
0,2001,0,1,9290,9290,0
3,1030,0,1,9290,9290,0
1,2002,0,1,9298,9298,0
0,2001,0,1,9298,9298,0
0,1999,0,0,9298,9298,0
1,2002,0,2,9299,9299,0
6,1996,0,0,9302,9302,0
3,1030,0,1,9318,9318,0
0,2001,0,2,9335,9335,0
1,2002,0,1,9335,9335,0
3,1030,0,1,9335,9335,0
0,2001,0,1,9336,9336,0
0,1999,0,0,9336,9336,0
1,2002,0,2,9339,9339,0
6,1996,0,0,9366,9366,0
3,1030,0,1,9388,9388,0
3,1030,0,1,9390,9390,0
1,2002,0,1,9395,9395,0
1,1030,0,1,9395,9395,0
1,1030,0,2,9395,9395,0
1,2002,0,2,9395,9395,0
0,2001,0,2,9396,9396,0
0,2001,0,1,9396,9396,0
0,1999,0,0,9396,9396,0
1,2002,0,1,9398,9398,0
6,1996,0,0,9439,9439,0
3,1030,0,1,9465,9465,0
0,2001,0,2,9469,9469,0
1,2002,0,2,9476,9476,0
1,2002,0,1,9476,9476,0
0,2001,0,1,9476,9476,0
0,1999,0,0,9476,9476,0
6,1996,0,0,9479,9479,0
1,2002,0,2,9506,9506,0
0,2001,0,2,9508,9508,0
1,2002,0,1,9508,9508,0
0,2001,0,1,9508,9508,0
0,1999,0,0,9509,9509,0
6,1996,0,0,9512,9512,0
0,2001,0,2,9539,9539,0
0,2001,0,1,9539,9539,0
0,1999,0,0,9539,9539,0
1,2002,0,2,9540,9540,0
1,2002,0,1,9542,9542,0
6,1996,0,0,9545,9545,0
0,2001,0,2,9569,9569,0
3,1030,0,2,9570,9570,0
0,2001,0,2,9572,9572,0
0,2001,0,1,9572,9572,0
0,1999,0,0,9572,9572,0
1,2002,0,2,9572,9572,0
1,2002,0,1,9575,9575,0
6,1996,0,0,9603,9603,0
1,2002,0,1,9626,9626,0
1,1030,0,1,9626,9626,0
1,1030,0,2,9626,9626,0
0,2001,0,2,9627,9627,0
1,2002,0,2,9628,9628,0
3,1030,0,2,9628,9628,0
1,2002,0,1,9629,9629,0
0,2001,0,2,9631,9631,0
0,2001,0,1,9631,9631,0
0,1999,0,0,9638,9638,0
6,1996,0,0,9671,9671,0
0,2001,0,2,9702,9702,0
1,2002,0,1,9702,9702,0
0,2001,0,1,9702,9702,0
0,1999,0,0,9703,9703,0
1,2002,0,2,9711,9711,0
6,1996,0,0,9715,9715,0
3,1030,0,1,9734,9734,0
1,2002,0,1,9739,9739,0
0,2001,0,2,9739,9739,0
1,1030,0,1,9740,9740,0
1,1030,0,2,9740,9740,0
0,2001,0,1,9740,9740,0
1,2002,0,1,9742,9742,0
0,1999,0,0,9755,9755,0
1,2002,0,2,9755,9756,0
6,1996,0,0,9780,9780,0
3,1030,0,1,9801,9801,0
1,2002,0,2,9804,9804,0
0,2001,0,2,9804,9804,0
0,2001,0,1,9805,9805,0
0,1999,0,0,9805,9805,0
1,2002,0,1,9805,9810,4
6,1996,0,0,9812,9812,0
1,2002,0,1,9835,9835,0
0,2001,0,2,9836,9836,0
0,2001,0,1,9836,9836,0
3,1030,0,1,9843,9843,0
0,1999,0,0,9843,9843,0
1,2002,0,2,9846,9847,0
6,1996,0,0,9849,9849,0
1,2002,0,1,9872,9872,0
1,1030,0,1,9872,9872,0
1,1030,0,2,9872,9872,0
0,2001,0,2,9872,9872,0
0,2001,0,1,9873,9873,0
0,1999,0,0,9874,9874,0
1,2002,0,1,9874,9875,0
1,2002,0,2,9875,9875,0
6,1996,0,0,9878,9878,0
0,2001,0,2,9901,9901,0
1,2002,0,2,9902,9902,0
3,1030,0,2,9902,9902,0
1,2002,0,1,9903,9903,0
0,2001,0,2,9905,9905,0
0,2001,0,1,9905,9905,0
0,1999,0,0,9905,9905,0
6,1996,0,0,9917,9917,0
1,2002,0,2,9940,9940,0
1,2002,0,1,9941,9941,0
0,2001,0,2,9941,9941,0
0,2001,0,1,9942,9942,0
0,1999,0,0,9942,9942,0
6,1996,0,0,9945,9945,0
1,2002,0,2,9968,9968,0
1,2002,0,1,9969,9969,0
0,2001,0,2,9970,9970,0
0,2001,0,1,9970,9970,0
0,1999,0,0,9970,9970,0
6,1996,0,0,9973,9973,0
1,2002,0,2,9996,9996,0
1,2002,0,1,9997,9997,0
0,2001,0,2,9998,9998,0
0,2001,0,1,9998,9998,0
0,1999,0,0,9998,9998,0
6,1996,0,0,10002,10002,0
1,2002,0,1,10024,10024,0
3,1030,0,1,10024,10024,0
0,2001,0,2,10026,10026,0
0,2001,0,1,10026,10026,0
0,1999,0,0,10031,10031,0
1,2002,0,2,10031,10031,0
6,1996,0,0,10034,10034,0
1,2002,0,1,10056,10056,0
1,1030,0,1,10056,10056,0
1,1030,0,2,10056,10056,0
0,2001,0,2,10056,10056,0
3,1030,0,2,10057,10057,0
1,2002,0,1,10058,10058,0
1,2002,0,2,10058,10058,0
0,2001,0,2,10059,10059,0
0,2001,0,1,10059,10059,0
0,1999,0,0,10060,10060,0
6,1996,0,0,10072,10072,0
3,1030,0,1,10094,10094,0
1,2002,0,1,10094,10094,0
0,2001,0,2,10094,10094,0
0,2001,0,1,10095,10095,0
0,1999,0,0,10095,10095,0
1,2002,0,2,10110,10110,0
6,1996,0,0,10127,10127,0
0,2001,0,2,10152,10152,0
0,2001,0,1,10152,10152,0
0,1999,0,0,10152,10152,0
1,2002,0,2,10153,10153,0
1,2002,0,1,10153,10153,0
6,1996,0,0,10156,10156,0
1,2002,0,1,10177,10177,0
1,1030,0,1,10177,10177,0
1,1030,0,2,10177,10177,0
0,2001,0,2,10179,10179,0
0,2001,0,1,10179,10179,0
1,2002,0,2,10183,10183,0
1,2002,0,1,10183,10183,0
0,1999,0,0,10183,10183,0
6,1996,0,0,10187,10187,0
0,2001,0,2,10209,10209,0
1,2002,0,2,10210,10210,0
3,1030,0,2,10210,10210,0
1,2002,0,1,10210,10210,0
0,2001,0,2,10213,10213,0
0,2001,0,1,10213,10213,0
0,1999,0,0,10213,10213,0
6,1996,0,0,10216,10216,0
0,2001,0,2,10240,10240,0
1,2002,0,1,10241,10241,0
3,1030,0,2,10241,10242,0
3,1030,0,2,10243,10243,0
0,2001,0,2,10243,10243,0
3,1030,0,2,10245,10245,0
0,2001,0,2,10247,10247,0
0,2001,0,1,10247,10247,0
0,1999,0,0,10247,10247,0
1,2002,0,2,10248,10248,0
6,1996,0,0,10251,10251,0
1,2002,0,1,10277,10277,0
1,1030,0,1,10277,10277,0
1,1030,0,2,10277,10277,0
0,2001,0,2,10277,10277,0
0,2001,0,1,10277,10277,0
0,1999,0,0,10277,10277,0
1,2002,0,2,10277,10277,0
1,2002,0,1,10293,10293,0
6,1996,0,0,10298,10298,0
3,1030,0,1,10320,10320,0
0,2001,0,2,10325,10325,0
0,2001,0,1,10328,10328,0
3,1030,0,1,10328,10328,0
0,2001,0,1,10330,10330,0
3,1030,0,1,10331,10331,0
0,2001,0,1,10333,10333,0
3,1030,0,1,10333,10333,0
0,2001,0,1,10336,10336,0
3,1030,0,1,10336,10336,0
0,2001,0,1,10338,10338,0
3,1030,0,1,10340,10340,0
0,2001,0,1,10342,10342,0
1,2002,0,1,10343,10343,0
1,2002,0,2,10343,10343,0
0,1999,0,0,10344,10344,0
6,1996,0,0,10346,10346,0
1,2002,0,1,10364,10364,0
1,1030,0,1,10364,10364,0
1,1030,0,2,10364,10364,0
1,2002,0,1,10367,10367,0
1,1030,0,1,10367,10367,0
1,1030,0,2,10367,10367,0
1,2002,0,1,10370,10370,0
1,1030,0,1,10370,10370,0
1,1030,0,2,10370,10370,0
1,2002,0,1,10373,10373,0
1,1030,0,1,10373,10373,0
1,1030,0,2,10373,10373,0
0,2001,0,2,10375,10375,0
0,2001,0,1,10376,10376,0
1,2002,0,1,10376,10376,0
0,1999,0,0,10376,10376,0
1,2002,0,2,10381,10381,0
6,1996,0,0,10384,10384,0
1,2002,0,1,10411,10411,0
1,1030,0,1,10411,10411,0
1,1030,0,2,10411,10412,0
0,2001,0,2,10412,10412,0
3,1030,0,2,10413,10413,0
1,2002,0,1,10413,10413,0
1,2002,0,2,10414,10414,0
0,2001,0,2,10416,10416,0
0,2001,0,1,10416,10416,0
0,1999,0,0,10416,10416,0
6,1996,0,0,10428,10428,0
3,1030,0,1,10452,10452,0
1,2002,0,1,10458,10458,0
0,2001,0,2,10458,10458,0
0,2001,0,1,10459,10459,0
0,1999,0,0,10459,10459,0
1,2002,0,2,10466,10466,0
6,1996,0,0,10470,10470,0
1,2002,0,1,10497,10497,0
1,1030,0,1,10497,10497,0
1,1030,0,2,10497,10497,0
0,2001,0,2,10498,10498,0
0,2001,0,1,10498,10498,0
0,1999,0,0,10498,10498,0
1,2002,0,2,10500,10500,0
1,2002,0,1,10510,10510,0
6,1996,0,0,10523,10523,0
0,2001,0,2,10550,10550,0
1,2002,0,1,10556,10556,0
3,1030,0,2,10556,10556,0
1,2002,0,2,10558,10558,0
0,2001,0,2,10559,10559,0
0,2001,0,1,10563,10563,0
0,1999,0,0,10563,10563,0
6,1996,0,0,10579,10579,0
1,2002,0,1,10609,10609,0
1,1030,0,1,10609,10609,0
1,1030,0,2,10609,10609,0
1,2002,0,2,10612,10612,0
0,2001,0,2,10612,10612,0
1,1030,0,1,10613,10613,0
1,1030,0,2,10613,10613,0
1,2002,0,1,10613,10613,0
0,2001,0,1,10613,10613,0
0,1999,0,0,10627,10627,0
1,2002,0,2,10627,10627,0
6,1996,0,0,10641,10641,0
3,1030,0,1,10669,10669,0
0,2001,0,2,10671,10671,0
0,2001,0,1,10671,10671,0
0,1999,0,0,10672,10672,0
1,2002,0,2,10673,10673,0
1,2002,0,1,10674,10674,0
6,1996,0,0,10678,10678,0
1,2002,0,2,10705,10705,0
1,1030,0,1,10706,10706,0
1,1030,0,2,10706,10706,0
0,2001,0,2,10706,10706,0
0,2001,0,1,10706,10706,0
0,1999,0,0,10706,10706,0
1,2002,0,1,10708,10708,0
1,2002,0,2,10709,10709,0
6,1996,0,0,10712,10712,0
0,2001,0,2,10740,10740,0
0,2001,0,1,10740,10740,0
3,1030,0,1,10741,10741,0
3,1030,0,1,10742,10742,0
0,2001,0,1,10743,10743,0
3,1030,0,1,10743,10743,0
0,2001,0,1,10746,10746,0
1,2002,0,1,10748,10748,0
3,1030,0,1,10748,10748,0
3,1030,0,1,10748,10748,0
0,2001,0,1,10749,10749,0
0,1999,0,0,10752,10752,0
1,2002,0,2,10752,10752,0
6,1996,0,0,10765,10765,0
1,2002,0,1,10788,10788,0
1,1030,0,1,10788,10788,0
1,1030,0,2,10788,10788,0
0,2001,0,2,10797,10797,0
0,2001,0,1,10798,10798,0
0,1999,0,0,10798,10798,0
1,2002,0,1,10804,10804,0
1,2002,0,2,10804,10804,0
6,1996,0,0,10831,10831,0
1,2002,0,1,10841,10841,0
1,1030,0,1,10841,10841,0
1,1030,0,2,10841,10841,0
1,2002,0,1,10843,10843,0
1,1030,0,1,10843,10843,0
1,1030,0,2,10843,10843,0
1,2002,0,1,10845,10845,0
1,1030,0,1,10845,10845,0
1,1030,0,2,10845,10845,0
1,2002,0,1,10846,10846,0
1,1030,0,1,10847,10847,0
1,1030,0,2,10847,10847,0
1,2002,0,1,10849,10849,0
1,1030,0,1,10849,10849,0
1,1030,0,2,10849,10849,0
1,2002,0,1,10851,10851,0
0,2001,0,2,10852,10852,0
3,1030,0,2,10852,10852,0
0,2001,0,1,10871,10871,0
0,1999,0,0,10872,10872,0
1,2002,0,2,10872,10872,0
6,1996,0,0,10897,10897,0
0,2001,0,2,10918,10918,0
3,1030,0,2,10919,10919,0
0,2001,0,2,10922,10922,0
3,1030,0,2,10923,10923,0
1,2002,0,2,10924,10924,0
1,2002,0,1,10924,10924,0
0,2001,0,2,10927,10927,0
0,2001,0,1,10927,10927,0
0,1999,0,0,10935,10935,0
6,1996,0,0,10938,10938,0
0,2001,0,2,10962,10962,0
0,2001,0,1,10962,10962,0
3,1030,0,1,10962,10962,0
1,2002,0,1,10964,10964,0
0,2001,0,1,10964,10964,0
0,1999,0,0,10964,10964,0
1,2002,0,2,10964,10964,0
6,1996,0,0,10968,10968,0
0,2001,0,2,10993,10993,0
0,2001,0,1,10993,10993,0
0,1999,0,0,10993,10993,0
1,2002,0,1,10994,10994,0
1,2002,0,2,10995,10995,0
6,1996,0,0,10999,10999,0
0,2001,0,2,11023,11023,0
0,2001,0,1,11023,11023,0
0,1999,0,0,11024,11024,0
1,2002,0,1,11024,11024,0
1,2002,0,2,11025,11025,0
6,1996,0,0,11029,11029,0
0,2001,0,2,11054,11054,0
0,2001,0,1,11055,11055,0
0,1999,0,0,11055,11055,0
1,2002,0,1,11055,11055,0
1,2002,0,2,11056,11056,0
6,1996,0,0,11059,11059,0
0,2001,0,2,11085,11085,0
0,2001,0,1,11085,11085,0
0,1999,0,0,11085,11085,0
1,2002,0,1,11085,11085,0
1,2002,0,2,11086,11086,0
6,1996,0,0,11091,11091,0
0,2001,0,2,11115,11115,0
0,2001,0,1,11115,11115,0
0,1999,0,0,11115,11115,0
1,2002,0,1,11116,11116,0
1,2002,0,2,11117,11117,0
6,1996,0,0,11121,11121,0
0,2001,0,2,11146,11146,0
1,2002,0,1,11146,11146,0
0,2001,0,1,11146,11146,0
0,1999,0,0,11147,11147,0
1,2002,0,2,11147,11147,0
6,1996,0,0,11151,11151,0
1,2002,0,1,11176,11176,0
0,2001,0,2,11176,11176,0
0,2001,0,1,11177,11177,0
0,1999,0,0,11177,11177,0
1,2002,0,2,11177,11177,0
6,1996,0,0,11181,11181,0
1,2002,0,1,11205,11205,0
1,1030,0,1,11205,11205,0
3,1030,0,1,11205,11205,0
1,1030,0,2,11205,11205,0
0,2001,0,2,11205,11205,0
0,2001,0,1,11205,11205,0
1,2002,0,1,11207,11207,0
0,1999,0,0,11207,11207,0
1,2002,0,2,11208,11208,0
6,1996,0,0,11212,11212,0
0,2001,0,2,11234,11234,0
0,2001,0,1,11234,11234,0
3,1030,0,1,11235,11235,0
1,2002,0,2,11236,11236,0
0,2001,0,1,11237,11237,0
0,1999,0,0,11237,11237,0
1,2002,0,1,11239,11239,0
6,1996,0,0,11259,11259,0
1,2002,0,1,11281,11281,0
1,1030,0,1,11281,11281,0
1,1030,0,2,11281,11281,0
0,2001,0,2,11282,11282,0
0,2001,0,1,11282,11282,0
0,1999,0,0,11282,11282,0
1,2002,0,1,11283,11283,0
1,2002,0,2,11287,11287,0
6,1996,0,0,11290,11290,0
0,2001,0,2,11314,11314,0
3,1030,0,2,11314,11315,0
1,2002,0,1,11315,11315,0
3,1030,0,2,11315,11316,0
0,2001,0,2,11317,11317,0
3,1030,0,2,11317,11318,0
3,1030,0,2,11318,11318,0
0,2001,0,2,11320,11320,0
0,2001,0,1,11320,11320,0
0,1999,0,0,11321,11321,0
1,2002,0,2,11321,11321,0
6,1996,0,0,11323,11323,0
3,1030,0,1,11349,11349,0
0,2001,0,2,11350,11350,0
1,2002,0,1,11351,11351,0
0,2001,0,1,11351,11351,0
0,1999,0,0,11351,11351,0
1,2002,0,2,11367,11367,0
6,1996,0,0,11371,11371,0
3,1030,0,1,11389,11389,0
1,2002,0,1,11396,11396,0
1,1030,0,1,11396,11396,0
1,1030,0,2,11396,11397,0
1,2002,0,1,11399,11399,0
1,1030,0,1,11399,11399,0
1,1030,0,2,11399,11399,0
1,2002,0,1,11402,11402,0
1,1030,0,1,11402,11402,0
1,1030,0,2,11402,11402,0
1,2002,0,2,11402,11402,0
1,1030,0,1,11403,11403,0
1,1030,0,2,11403,11403,0
1,2002,0,1,11404,11404,0
0,2001,0,2,11405,11405,0
0,2001,0,1,11405,11405,0
1,2002,0,2,11406,11406,0
0,1999,0,0,11406,11406,0
6,1996,0,0,11409,11409,0
3,1030,0,1,11430,11430,0
3,1030,0,1,11432,11432,0
3,1030,0,1,11436,11436,0
3,1030,0,1,11438,11438,0
3,1030,0,1,11442,11442,0
1,2002,0,1,11445,11445,0
1,1030,0,1,11445,11445,0
1,1030,0,2,11445,11445,0
0,2001,0,2,11445,11445,0
0,2001,0,1,11445,11445,0
0,1999,0,0,11445,11445,0
1,2002,0,2,11446,11446,0
1,2002,0,1,11448,11448,0
6,1996,0,0,11483,11483,0
0,2001,0,2,11498,11498,0
3,1030,0,2,11499,11499,0
0,2001,0,2,11501,11501,0
3,1030,0,2,11502,11502,0
0,2001,0,2,11504,11504,0
3,1030,0,2,11505,11505,0
0,2001,0,2,11507,11507,0
3,1030,0,2,11507,11507,0
1,2002,0,1,11508,11508,0
0,2001,0,2,11510,11510,0
1,2002,0,2,11514,11514,0
0,2001,0,1,11514,11514,0
0,1999,0,0,11518,11518,0
6,1996,0,0,11528,11528,0
1,2002,0,1,11559,11559,0
1,1030,0,1,11560,11560,0
1,1030,0,2,11560,11560,0
1,2002,0,2,11560,11560,0
0,2001,0,2,11562,11562,0
0,2001,0,1,11562,11562,0
1,1030,0,1,11563,11563,0
1,1030,0,2,11563,11563,0
1,2002,0,1,11563,11563,0
0,1999,0,0,11563,11563,0
1,2002,0,2,11565,11565,0
6,1996,0,0,11572,11572,0
0,2001,0,2,11591,11591,0
1,2002,0,1,11607,11607,0
3,1030,0,2,11608,11608,0
1,2002,0,2,11608,11608,0
0,2001,0,2,11610,11610,0
0,2001,0,1,11624,11624,0
0,1999,0,0,11624,11624,0
6,1996,0,0,11638,11638,0
0,2001,0,2,11660,11660,0
0,2001,0,1,11660,11660,0
1,2002,0,1,11661,11661,0
3,1030,0,1,11660,11663,3
0,1999,0,0,11663,11663,0
1,2002,0,2,11663,11663,0
6,1996,0,0,11675,11676,0
0,2001,0,2,11697,11697,0
3,1030,0,2,11698,11698,0
0,2001,0,2,11700,11700,0
0,2001,0,1,11700,11700,0
1,2002,0,1,11719,11719,0
0,1999,0,0,11720,11720,0
1,2002,0,2,11735,11735,0
6,1996,0,0,11759,11759,0
0,2001,0,2,11782,11782,0
3,1030,0,2,11783,11783,0
0,2001,0,2,11785,11785,0
1,2002,0,1,11785,11785,0
3,1030,0,2,11786,11786,0
1,2002,0,2,11788,11788,0
0,2001,0,2,11789,11789,0
0,2001,0,1,11789,11789,0
0,1999,0,0,11790,11790,0
6,1996,0,0,11793,11793,0
1,2002,0,1,11831,11831,0
1,2002,0,2,11831,11831,0
0,2001,0,2,11831,11831,0
0,2001,0,1,11832,11832,0
0,1999,0,0,11832,11832,0
6,1996,0,0,11840,11840,0
3,1030,0,1,11861,11861,0
1,2002,0,1,11861,11861,0
1,1030,0,1,11861,11861,0
1,1030,0,2,11861,11861,0
1,2002,0,1,11863,11863,0
1,2002,0,2,11864,11866,1
0,2001,0,2,11866,11866,0
0,2001,0,1,11866,11866,0
0,1999,0,0,11866,11866,0
6,1996,0,0,11871,11871,0
3,1030,0,1,11892,11892,0
0,2001,0,2,11898,11898,0
0,2001,0,1,11908,11908,0
1,2002,0,1,11908,11908,0
1,2002,0,2,11908,11908,0
0,1999,0,0,11908,11908,0
6,1996,0,0,11927,11927,0
1,2002,0,1,11947,11947,0
1,1030,0,1,11947,11947,0
1,1030,0,2,11947,11947,0
0,2001,0,2,11951,11951,0
0,2001,0,1,11951,11951,0
1,2002,0,2,11952,11952,0
0,1999,0,0,11952,11952,0
1,2002,0,1,11953,11953,0
6,1996,0,0,11978,11978,0
3,1030,0,1,11999,11999,0
3,1030,0,1,12001,12001,0
0,2001,0,2,12003,12003,0
0,2001,0,1,12012,12012,0
1,2002,0,1,12012,12012,0
0,1999,0,0,12013,12013,0
1,2002,0,2,12014,12014,0
6,1996,0,0,12039,12039,0
1,2002,0,2,12064,12064,0
0,2001,0,2,12064,12064,0
0,2001,0,1,12065,12065,0
1,2002,0,1,12065,12066,0
0,1999,0,0,12066,12066,0
6,1996,0,0,12097,12097,0
0,2001,0,2,12135,12136,0
1,2002,0,1,12136,12136,0
1,2002,0,2,12136,12136,0
0,2001,0,1,12145,12145,0
0,1999,0,0,12145,12145,0
6,1996,0,0,12151,12151,0
0,2001,0,2,12176,12176,0
0,2001,0,1,12176,12176,0
3,1030,0,1,12177,12177,0
3,1030,0,1,12179,12179,0
1,2002,0,2,12180,12180,0
1,2002,0,1,12181,12181,0
0,2001,0,1,12181,12181,0
0,1999,0,0,12182,12182,0
6,1996,0,0,12191,12191,0
1,2002,0,1,12216,12216,0
1,1030,0,1,12216,12216,0
1,1030,0,2,12216,12216,0
0,2001,0,2,12216,12216,0
3,1030,0,2,12218,12218,0
1,2002,0,1,12219,12219,0
0,2001,0,2,12220,12220,0
3,1030,0,2,12220,12220,0
1,2002,0,2,12227,12227,0
0,2001,0,2,12230,12230,0
0,2001,0,1,12230,12230,0
3,1030,0,2,12228,12230,2
0,1999,0,0,12230,12230,0
6,1996,0,0,12235,12235,0
1,2002,0,1,12260,12260,0
1,1030,0,1,12260,12260,0
1,1030,0,2,12260,12260,0
0,2001,0,2,12261,12261,0
3,1030,0,2,12262,12262,0
1,2002,0,1,12263,12263,0
3,1030,0,2,12264,12264,0
0,2001,0,2,12265,12265,0
0,2001,0,1,12265,12265,0
0,1999,0,0,12265,12265,0
1,2002,0,2,12278,12278,0
6,1996,0,0,12291,12291,0
1,2002,0,1,12313,12313,0
1,1030,0,1,12313,12313,0
1,1030,0,2,12313,12314,0
1,2002,0,1,12316,12316,0
1,1030,0,1,12316,12316,0
1,1030,0,2,12316,12316,0
0,2001,0,2,12316,12316,0
1,2002,0,1,12318,12318,0
0,2001,0,1,12324,12324,0
0,1999,0,0,12324,12324,0
1,2002,0,2,12341,12341,0
6,1996,0,0,12363,12363,0
3,1030,0,1,12386,12386,0
1,2002,0,1,12387,12387,0
0,2001,0,2,12387,12387,0
0,2001,0,1,12401,12401,0
0,1999,0,0,12401,12401,0
1,2002,0,2,12401,12401,0
6,1996,0,0,12405,12405,0
1,2002,0,1,12428,12428,0
0,2001,0,2,12430,12430,0
0,2001,0,1,12443,12443,0
0,1999,0,0,12444,12444,0
1,2002,0,2,12444,12444,0
6,1996,0,0,12470,12470,0
1,2002,0,1,12493,12493,0
3,1030,0,2,12494,12494,0
0,2001,0,2,12496,12496,0
0,2001,0,1,12514,12514,0
1,2002,0,2,12514,12514,0
0,1999,0,0,12514,12514,0
6,1996,0,0,12544,12544,0
3,1030,0,1,12566,12566,0
0,2001,0,2,12569,12569,0
1,2002,0,1,12569,12569,0
0,2001,0,1,12583,12583,0
0,1999,0,0,12584,12584,0
1,2002,0,2,12587,12587,0
6,1996,0,0,12591,12591,0
0,2001,0,2,12615,12615,0
3,1030,0,2,12634,12634,0
1,2002,0,1,12635,12635,0
3,1030,0,1,12635,12635,0
0,2001,0,2,12637,12637,0
0,2001,0,1,12638,12638,0
0,1999,0,0,12638,12638,0
1,2002,0,2,12643,12643,0
6,1996,0,0,12658,12658,0
0,2001,0,2,12684,12684,0
3,1030,0,2,12688,12688,0
1,2002,0,2,12689,12689,0
0,2001,0,2,12690,12690,0
0,2001,0,1,12691,12691,0
1,2002,0,1,12691,12691,0
0,1999,0,0,12691,12691,0
6,1996,0,0,12695,12695,0
3,1030,0,1,12717,12717,0
1,2002,0,1,12718,12718,0
1,1030,0,1,12718,12718,0
1,1030,0,2,12718,12718,0
0,2001,0,2,12722,12722,0
0,2001,0,1,12728,12728,0
0,1999,0,0,12728,12728,0
1,2002,0,1,12730,12730,0
1,2002,0,2,12776,12776,0
6,1996,0,0,12800,12800,0
1,2002,0,1,12822,12822,0
1,1030,0,1,12822,12822,0
1,1030,0,2,12822,12822,0
0,2001,0,2,12824,12824,0
1,2002,0,1,12825,12825,0
3,1030,0,2,12825,12825,0
0,2001,0,2,12828,12828,0
0,2001,0,1,12828,12828,0
0,1999,0,0,12846,12846,0
1,2002,0,2,12851,12851,0
6,1996,0,0,12855,12855,0
1,2002,0,1,12881,12881,0
1,2002,0,2,12881,12881,0
0,2001,0,2,12882,12882,0
0,2001,0,1,12882,12882,0
0,1999,0,0,12883,12883,0
6,1996,0,0,12887,12887,0
0,2001,0,2,12913,12913,0
1,2002,0,1,12914,12914,0
0,2001,0,1,12914,12914,0
3,1030,0,1,12928,12928,0
0,1999,0,0,12928,12928,0
1,2002,0,2,12932,12932,0
6,1996,0,0,12936,12936,0
1,2002,0,1,12960,12960,0
1,2002,0,2,12961,12961,0
0,2001,0,2,12971,12971,0
0,2001,0,1,12973,12973,0
0,1999,0,0,12975,12975,0
6,1996,0,0,12992,12992,0
3,1030,0,1,13017,13017,0
1,2002,0,1,13028,13028,0
1,1030,0,1,13029,13029,0
1,1030,0,2,13029,13029,0
1,2002,0,1,13044,13044,0
1,2002,0,2,13044,13044,0
0,2001,0,2,13044,13044,0
0,2001,0,1,13045,13045,0
0,1999,0,0,13059,13059,0
6,1996,0,0,13075,13075,0
1,2002,0,1,13099,13099,0
1,1030,0,1,13100,13100,0
1,1030,0,2,13100,13100,0
0,2001,0,2,13102,13102,0
1,2002,0,1,13103,13103,0
3,1030,0,2,13103,13103,0
1,2002,0,2,13114,13114,0
0,2001,0,2,13114,13114,0
0,2001,0,1,13114,13114,0
0,1999,0,0,13114,13114,0
6,1996,0,0,13128,13128,0
1,2002,0,1,13154,13154,0
0,2001,0,2,13156,13156,0
0,2001,0,1,13157,13157,0
0,1999,0,0,13164,13164,0
1,2002,0,2,13164,13164,0
6,1996,0,0,13183,13183,0
1,2002,0,2,13208,13208,0
1,1030,0,1,13209,13209,0
1,1030,0,2,13209,13209,0
1,2002,0,1,13209,13209,0
0,2001,0,2,13209,13209,0
0,2001,0,1,13210,13210,0
0,1999,0,0,13210,13210,0
1,2002,0,2,13212,13212,0
6,1996,0,0,13216,13216,0
0,2001,0,2,13242,13242,0
1,2002,0,1,13242,13242,0
0,2001,0,1,13242,13242,0
0,1999,0,0,13247,13247,0
1,2002,0,2,13255,13255,0
6,1996,0,0,13261,13261,0
1,2002,0,1,13287,13287,0
0,2001,0,2,13287,13287,0
3,1030,0,2,13287,13287,0
3,1030,0,2,13290,13290,0
3,1030,0,2,13290,13290,0
0,2001,0,2,13292,13292,0
0,2001,0,1,13293,13293,0
0,1999,0,0,13294,13294,0
1,2002,0,2,13296,13296,0
6,1996,0,0,13316,13316,0
0,2001,0,2,13344,13344,0
1,2002,0,2,13345,13345,0
0,2001,0,1,13345,13345,0
1,2002,0,1,13346,13346,0
0,1999,0,0,13347,13347,0
6,1996,0,0,13356,13356,0
0,2001,0,2,13384,13384,0
1,2002,0,1,13384,13385,0
0,2001,0,1,13385,13385,0
3,1030,0,1,13385,13385,0
0,1999,0,0,13395,13395,0
1,2002,0,2,13402,13402,0
6,1996,0,0,13405,13405,0
3,1030,0,1,13428,13428,0
1,2002,0,2,13431,13431,0
1,1030,0,1,13431,13431,0
1,1030,0,2,13431,13431,0
0,2001,0,2,13432,13432,0
0,2001,0,1,13432,13432,0
0,1999,0,0,13432,13432,0
1,2002,0,1,13443,13443,0
1,2002,0,2,13447,13447,0
6,1996,0,0,13450,13450,0
0,2001,0,2,13477,13477,0
1,2002,0,1,13477,13477,0
3,1030,0,2,13477,13477,0
3,1030,0,2,13478,13478,0
0,2001,0,2,13480,13480,0
0,2001,0,1,13480,13480,0
0,1999,0,0,13480,13480,0
1,2002,0,2,13503,13503,0
6,1996,0,0,13525,13525,0
0,2001,0,2,13553,13553,0
1,2002,0,1,13558,13558,0
1,2002,0,2,13571,13571,0
3,1030,0,2,13571,13572,0
0,2001,0,2,13574,13574,0
0,2001,0,1,13574,13574,0
0,1999,0,0,13575,13575,0
6,1996,0,0,13587,13587,0
3,1030,0,1,13611,13611,0
3,1030,0,1,13616,13616,0
1,2002,0,1,13617,13617,0
0,2001,0,2,13618,13618,0
0,2001,0,1,13626,13626,0
1,2002,0,2,13626,13626,0
0,1999,0,0,13626,13626,0
6,1996,0,0,13644,13644,0
1,2002,0,1,13655,13655,0
1,1030,0,1,13655,13655,0
1,1030,0,2,13655,13655,0
1,2002,0,2,13667,13667,0
1,1030,0,1,13668,13668,0
1,1030,0,2,13668,13668,0
1,2002,0,1,13668,13668,0
0,2001,0,2,13669,13669,0
0,2001,0,1,13685,13685,0
0,1999,0,0,13688,13688,0
1,2002,0,2,13688,13688,0
6,1996,0,0,13705,13705,0
0,2001,0,2,13728,13728,0
3,1030,0,2,13729,13729,0
0,2001,0,2,13731,13732,0
1,2002,0,1,13732,13732,0
0,2001,0,1,13732,13732,0
0,1999,0,0,13732,13732,0
1,2002,0,2,13744,13744,0
6,1996,0,0,13767,13767,0
0,2001,0,2,13788,13788,0
3,1030,0,2,13789,13789,0
0,2001,0,2,13790,13790,0
3,1030,0,2,13791,13791,0
0,2001,0,2,13793,13793,0
1,2002,0,1,13794,13794,0
3,1030,0,2,13795,13795,0
3,1030,0,2,13795,13795,0
1,2002,0,2,13795,13795,0
0,2001,0,2,13798,13798,0
0,2001,0,1,13807,13807,0
0,1999,0,0,13807,13807,0
6,1996,0,0,13818,13818,0
3,1030,0,1,13833,13837,3
3,1030,0,1,13842,13842,0
1,2002,0,2,13842,13842,0
1,1030,0,1,13843,13843,0
1,1030,0,2,13843,13843,0
1,2002,0,1,13843,13843,0
0,2001,0,2,13843,13843,0
0,2001,0,1,13843,13843,0
0,1999,0,0,13844,13844,0
1,2002,0,2,13847,13847,0
6,1996,0,0,13876,13876,0
1,2002,0,1,13900,13900,0
0,2001,0,2,13901,13901,0
1,2002,0,2,13901,13901,0
0,2001,0,1,13901,13901,0
0,1999,0,0,13901,13901,0
6,1996,0,0,13905,13905,0
3,1030,0,1,13927,13927,0
1,2002,0,1,13927,13927,0
1,1030,0,1,13928,13928,0
1,1030,0,2,13928,13928,0
0,2001,0,2,13928,13928,0
0,2001,0,1,13928,13928,0
0,1999,0,0,13928,13928,0
1,2002,0,2,13930,13930,0
1,2002,0,1,13930,13930,0
6,1996,0,0,13950,13950,0
3,1030,0,1,13964,13964,0
1,2002,0,1,13972,13972,0
1,2002,0,2,13972,13972,0
0,2001,0,2,13972,13973,0
0,2001,0,1,13973,13973,0
0,1999,0,0,13973,13973,0
6,1996,0,0,13990,13990,0
0,2001,0,2,14012,14012,0
0,2001,0,1,14012,14012,0
3,1030,0,1,14013,14013,0
0,2001,0,1,14014,14014,0
3,1030,0,1,14020,14020,0
3,1030,0,1,14020,14020,0
3,1030,0,1,14022,14022,0
0,2001,0,1,14023,14023,0
0,1999,0,0,14023,14023,0
1,2002,0,1,14024,14024,0
1,2002,0,2,14027,14027,0
6,1996,0,0,14030,14030,0
0,2001,0,2,14055,14055,0
0,2001,0,1,14056,14056,0
0,1999,0,0,14056,14056,0
1,2002,0,2,14057,14057,0
1,2002,0,1,14067,14067,0
6,1996,0,0,14084,14084,0
1,2002,0,1,14110,14110,0
0,2001,0,2,14110,14110,0
3,1030,0,2,14111,14111,0
3,1030,0,2,14112,14112,0
0,2001,0,2,14114,14114,0
3,1030,0,2,14116,14116,0
1,2002,0,2,14116,14116,0
0,2001,0,2,14118,14118,0
0,2001,0,1,14118,14118,0
0,1999,0,0,14118,14118,0
6,1996,0,0,14132,14132,0
1,2002,0,1,14156,14156,0
1,1030,0,1,14156,14156,0
1,1030,0,2,14156,14156,0
1,2002,0,1,14159,14159,0
0,2001,0,2,14161,14161,0
1,2002,0,2,14165,14165,0
0,2001,0,1,14165,14165,0
0,1999,0,0,14165,14165,0
6,1996,0,0,14168,14168,0
3,1030,0,1,14190,14190,0
1,2002,0,1,14192,14192,0
1,1030,0,1,14192,14192,0
1,1030,0,2,14192,14192,0
0,2001,0,2,14194,14194,0
0,2001,0,1,14199,14199,0
1,2002,0,2,14219,14219,0
1,2002,0,1,14219,14219,0
0,1999,0,0,14220,14220,0
6,1996,0,0,14247,14247,0
3,1030,0,1,14258,14258,0
1,2002,0,2,14261,14262,0
1,1030,0,1,14262,14262,0
1,1030,0,2,14262,14262,0
1,2002,0,1,14267,14267,0
1,1030,0,1,14267,14267,0
1,1030,0,2,14267,14267,0
1,2002,0,2,14269,14269,0
1,1030,0,1,14270,14270,0
1,1030,0,2,14270,14270,0
0,2001,0,2,14276,14276,0
0,2001,0,1,14276,14276,0
1,2002,0,2,14278,14278,0
0,1999,0,0,14278,14278,0
1,2002,0,1,14282,14282,0
6,1996,0,0,14289,14289,0
0,2001,0,2,14309,14309,0
3,1030,0,2,14309,14309,0
0,2001,0,2,14311,14311,0
3,1030,0,2,14315,14315,0
3,1030,0,1,14315,14315,0
1,2002,0,1,14315,14315,0
0,2001,0,2,14317,14317,0
0,2001,0,1,14317,14317,0
0,1999,0,0,14328,14328,0
1,2002,0,2,14328,14328,0
6,1996,0,0,14346,14346,0
0,2001,0,2,14370,14370,0
3,1030,0,2,14372,14372,0
0,2001,0,2,14375,14375,0
1,2002,0,1,14382,14382,0
0,2001,0,1,14382,14382,0
3,1030,0,1,14382,14382,0
0,1999,0,0,14382,14382,0
1,2002,0,2,14399,14399,0
6,1996,0,0,14410,14410,0
1,2002,0,1,14429,14429,0
1,1030,0,1,14429,14430,0
1,1030,0,2,14430,14430,0
1,2002,0,1,14432,14432,0
0,2001,0,2,14434,14434,0
1,2002,0,2,14457,14457,0
3,1030,0,2,14457,14457,0
0,2001,0,2,14462,14462,0
0,2001,0,1,14462,14462,0
0,1999,0,0,14465,14465,0
6,1996,0,0,14482,14482,0
1,2002,0,1,14505,14505,0
1,1030,0,1,14505,14505,0
1,1030,0,2,14505,14506,0
1,2002,0,1,14514,14514,0
1,1030,0,1,14514,14514,0
1,1030,0,2,14514,14514,0
0,2001,0,2,14520,14520,0
0,2001,0,1,14520,14520,0
0,1999,0,0,14520,14520,0
1,2002,0,2,14523,14523,0
1,2002,0,1,14523,14523,0
6,1996,0,0,14555,14555,0
1,2002,0,2,14581,14581,0
0,2001,0,2,14581,14581,0
1,1030,0,1,14582,14582,0
1,1030,0,2,14582,14582,0
0,2001,0,1,14582,14582,0
0,1999,0,0,14582,14582,0
1,2002,0,1,14583,14583,0
1,2002,0,2,14584,14584,0
6,1996,0,0,14587,14587,0
0,2001,0,2,14606,14606,0
3,1030,0,2,14607,14607,0
0,2001,0,2,14610,14610,0
0,2001,0,1,14610,14610,0
3,1030,0,1,14610,14610,0
1,2002,0,1,14612,14612,0
0,2001,0,1,14613,14613,0
0,1999,0,0,14613,14613,0
1,2002,0,2,14612,14613,0
6,1996,0,0,14625,14625,0
0,2001,0,2,14649,14649,0
1,2002,0,1,14649,14649,0
3,1030,0,2,14650,14650,0
3,1030,0,2,14650,14650,0
0,2001,0,2,14652,14652,0
0,2001,0,1,14652,14652,0
0,1999,0,0,14652,14652,0
1,2002,0,2,14658,14658,0
6,1996,0,0,14686,14686,0
1,2002,0,2,14706,14706,0
0,2001,0,2,14710,14710,0
0,2001,0,1,14710,14710,0
0,1999,0,0,14711,14711,0
1,1030,0,1,14723,14723,0
1,1030,0,2,14723,14724,0
1,2002,0,1,14724,14724,0
1,2002,0,2,14727,14727,0
6,1996,0,0,14756,14756,0
0,2001,0,2,14779,14779,0
3,1030,0,2,14780,14780,0
0,2001,0,2,14782,14782,0
3,1030,0,2,14783,14783,0
0,2001,0,2,14785,14785,0
3,1030,0,2,14785,14785,0
1,2002,0,1,14787,14787,0
0,2001,0,2,14788,14788,0
0,2001,0,1,14788,14788,0
0,1999,0,0,14788,14788,0
1,2002,0,2,14807,14807,0
6,1996,0,0,14817,14817,0
1,2002,0,1,14845,14845,0
0,2001,0,2,14847,14847,0
3,1030,0,2,14848,14848,0
3,1030,0,2,14849,14849,0
0,2001,0,2,14850,14850,0
1,2002,0,2,14851,14851,0
0,2001,0,1,14863,14863,0
0,1999,0,0,14863,14863,0
6,1996,0,0,14909,14909,0
3,1030,0,1,14922,14922,0
1,2002,0,1,14935,14935,0
1,1030,0,1,14935,14935,0
1,1030,0,2,14935,14935,0
1,2002,0,2,14939,14939,0
0,2001,0,2,14939,14939,0
1,2002,0,1,14939,14939,0
0,2001,0,1,14939,14939,0
0,1999,0,0,14939,14939,0
6,1996,0,0,14955,14955,0
3,1030,0,1,14971,14971,0
1,2002,0,2,14981,14981,0
0,2001,0,2,14981,14981,0
0,2001,0,1,14982,14982,0
0,1999,0,0,14982,14982,0
1,1030,0,1,15000,15000,0
1,1030,0,2,15000,15000,0
1,2002,0,1,15000,15000,0
1,2002,0,2,15002,15002,0
6,1996,0,0,15005,15005,0
3,1030,0,1,15029,15029,0
3,1030,0,1,15032,15032,0
0,2001,0,2,15032,15032,0
0,2001,0,1,15033,15033,0
0,1999,0,0,15033,15033,0
3,1030,0,1,15033,15033,0
1,2002,0,1,15035,15035,0
1,2002,0,2,15036,15036,0
6,1996,0,0,15052,15052,0
1,2002,0,1,15075,15075,0
1,1030,0,1,15075,15075,0
1,1030,0,2,15075,15076,0
0,2001,0,2,15078,15078,0
0,2001,0,1,15078,15078,0
0,1999,0,0,15078,15078,0
1,2002,0,1,15078,15078,0
1,2002,0,2,15080,15080,0
6,1996,0,0,15110,15110,0
1,2002,0,2,15130,15130,0
1,1030,0,1,15140,15140,0
1,1030,0,2,15140,15140,0
1,2002,0,1,15140,15140,0
0,2001,0,2,15140,15140,0
0,2001,0,1,15140,15140,0
0,1999,0,0,15141,15141,0
1,2002,0,2,15143,15143,0
6,1996,0,0,15167,15167,0
0,2001,0,2,15189,15189,0
3,1030,0,2,15190,15190,0
0,2001,0,2,15193,15193,0
0,2001,0,1,15193,15193,0
1,2002,0,1,15196,15196,0
3,1030,0,1,15197,15197,0
0,1999,0,0,15197,15197,0
1,2002,0,2,15204,15204,0
6,1996,0,0,15223,15223,0
1,2002,0,1,15240,15240,0
1,1030,0,1,15240,15240,0
1,1030,0,2,15240,15240,0
1,2002,0,1,15243,15243,0
1,1030,0,1,15243,15243,0
1,1030,0,2,15243,15243,0
0,2001,0,2,15245,15245,0
3,1030,0,2,15246,15246,0
0,2001,0,2,15248,15248,0
1,2002,0,1,15248,15248,0
0,2001,0,1,15248,15248,0
0,1999,0,0,15248,15248,0
1,2002,0,2,15250,15250,0
6,1996,0,0,15253,15253,0
1,2002,0,1,15276,15276,0
0,2001,0,2,15277,15277,0
0,2001,0,1,15277,15277,0
0,1999,0,0,15277,15277,0
1,2002,0,2,15278,15278,0
6,1996,0,0,15295,15295,0
1,2002,0,1,15318,15318,0
0,2001,0,2,15319,15319,0
0,2001,0,1,15320,15320,0
0,1999,0,0,15320,15320,0
1,2002,0,2,15321,15321,0
6,1996,0,0,15326,15326,0
1,2002,0,1,15349,15349,0
3,1030,0,2,15350,15350,0
0,2001,0,2,15350,15350,0
0,2001,0,1,15351,15351,0
0,1999,0,0,15351,15351,0
1,2002,0,2,15351,15351,0
6,1996,0,0,15363,15363,0
0,2001,0,2,15388,15388,0
0,2001,0,1,15388,15388,0
0,1999,0,0,15388,15388,0
1,2002,0,2,15388,15388,0
1,2002,0,1,15390,15390,0
6,1996,0,0,15394,15394,0
0,2001,0,2,15418,15418,0
0,2001,0,1,15419,15419,0
0,1999,0,0,15419,15419,0
1,2002,0,2,15419,15419,0
1,2002,0,1,15421,15421,0
6,1996,0,0,15424,15424,0
0,2001,0,2,15449,15449,0
1,2002,0,2,15449,15449,0
0,2001,0,1,15449,15449,0
0,1999,0,0,15449,15449,0
1,2002,0,1,15451,15451,0
6,1996,0,0,15455,15455,0
0,2001,0,2,15478,15478,0
0,2001,0,1,15479,15479,0
0,1999,0,0,15479,15479,0
1,2002,0,2,15479,15480,0
1,2002,0,1,15481,15481,0
6,1996,0,0,15485,15485,0
0,2001,0,2,15509,15509,0
0,2001,0,1,15509,15509,0
0,1999,0,0,15509,15509,0
1,2002,0,2,15510,15510,0
1,2002,0,1,15512,15512,0
6,1996,0,0,15516,15516,0
0,2001,0,2,15539,15539,0
0,2001,0,1,15539,15539,0
0,1999,0,0,15539,15539,0
1,2002,0,2,15541,15541,0
1,2002,0,1,15543,15543,0
6,1996,0,0,15546,15546,0
0,2001,0,2,15570,15570,0
0,2001,0,1,15570,15570,0
0,1999,0,0,15570,15570,0
1,2002,0,2,15571,15571,0
1,2002,0,1,15573,15573,0
6,1996,0,0,15577,15577,0
0,2001,0,2,15600,15600,0
0,2001,0,1,15601,15601,0
0,1999,0,0,15601,15601,0
1,2002,0,2,15602,15602,0
1,2002,0,1,15604,15604,0
6,1996,0,0,15608,15608,0
0,2001,0,2,15631,15631,0
0,2001,0,1,15631,15631,0
0,1999,0,0,15632,15632,0
1,2002,0,2,15633,15633,0
1,2002,0,1,15634,15634,0
6,1996,0,0,15639,15639,0
0,2001,0,2,15663,15663,0
0,2001,0,1,15663,15663,0
0,1999,0,0,15663,15663,0
1,2002,0,2,15664,15664,0
1,2002,0,1,15666,15666,0
6,1996,0,0,15671,15671,0
0,2001,0,2,15694,15694,0
0,2001,0,1,15695,15695,0
0,1999,0,0,15695,15695,0
1,2002,0,2,15696,15696,0
1,2002,0,1,15697,15697,0
6,1996,0,0,15702,15702,0
0,2001,0,2,15726,15726,0
0,2001,0,1,15726,15726,0
0,1999,0,0,15726,15726,0
1,2002,0,2,15727,15727,0
1,2002,0,1,15729,15729,0
6,1996,0,0,15733,15733,0
0,2001,0,2,15757,15757,0
0,2001,0,1,15757,15757,0
0,1999,0,0,15757,15757,0
1,2002,0,2,15758,15758,0
1,2002,0,1,15760,15760,0
6,1996,0,0,15764,15764,0
1,2002,0,1,15787,15787,0
0,2001,0,2,15788,15788,0
0,2001,0,1,15788,15788,0
0,1999,0,0,15788,15788,0
1,2002,0,2,15789,15789,0
6,1996,0,0,15792,15792,0
1,2002,0,1,15813,15813,0
1,1030,0,1,15813,15814,0
1,1030,0,2,15814,15814,0
0,2001,0,2,15814,15814,0
3,1030,0,2,15815,15815,0
1,2002,0,1,15816,15816,0
1,2002,0,2,15816,15816,0
0,2001,0,2,15817,15817,0
0,2001,0,1,15818,15818,0
0,1999,0,0,15818,15818,0
6,1996,0,0,15838,15838,0
1,2002,0,2,15860,15860,0
1,2002,0,1,15860,15860,0
0,2001,0,2,15862,15862,0
0,2001,0,1,15862,15862,0
0,1999,0,0,15862,15862,0
6,1996,0,0,15865,15865,0
1,2002,0,2,15888,15888,0
1,2002,0,1,15888,15888,0
0,2001,0,2,15890,15890,0
0,2001,0,1,15890,15890,0
0,1999,0,0,15890,15890,0
6,1996,0,0,15894,15894,0
1,2002,0,2,15916,15916,0
1,2002,0,1,15917,15917,0
0,2001,0,2,15918,15918,0
0,2001,0,1,15919,15919,0
0,1999,0,0,15919,15919,0
6,1996,0,0,15923,15923,0
1,2002,0,2,15946,15946,0
1,2002,0,1,15946,15946,0
0,2001,0,2,15947,15947,0
0,2001,0,1,15947,15947,0
0,1999,0,0,15947,15947,0
6,1996,0,0,15950,15950,0
1,2002,0,2,15973,15973,0
1,2002,0,1,15973,15973,0
0,2001,0,2,15974,15974,0
0,2001,0,1,15975,15975,0
0,1999,0,0,15975,15975,0
6,1996,0,0,15978,15978,0
1,2002,0,2,16001,16001,0
1,2002,0,1,16001,16001,0
0,2001,0,2,16003,16003,0
0,2001,0,1,16003,16003,0
0,1999,0,0,16003,16003,0
6,1996,0,0,16006,16006,0
1,2002,0,2,16029,16029,0
1,2002,0,1,16029,16029,0
0,2001,0,2,16031,16031,0
0,2001,0,1,16031,16031,0
0,1999,0,0,16031,16031,0
6,1996,0,0,16035,16035,0
1,2002,0,2,16058,16058,0
1,2002,0,1,16058,16058,0
0,2001,0,2,16060,16060,0
0,2001,0,1,16060,16060,0
0,1999,0,0,16060,16060,0
6,1996,0,0,16063,16063,0
1,2002,0,2,16086,16086,0
1,2002,0,1,16086,16086,0
0,2001,0,2,16088,16088,0
0,2001,0,1,16088,16088,0
0,1999,0,0,16088,16088,0
6,1996,0,0,16092,16092,0
1,2002,0,2,16114,16114,0
1,2002,0,1,16115,16115,0
0,2001,0,2,16116,16116,0
0,2001,0,1,16116,16116,0
0,1999,0,0,16116,16116,0
6,1996,0,0,16120,16120,0
1,2002,0,2,16142,16142,0
1,2002,0,1,16143,16143,0
0,2001,0,2,16144,16144,0
0,2001,0,1,16144,16144,0
0,1999,0,0,16145,16145,0
6,1996,0,0,16147,16147,0
1,2002,0,1,16171,16171,0
1,2002,0,2,16171,16171,0
0,2001,0,2,16172,16172,0
0,2001,0,1,16172,16172,0
0,1999,0,0,16172,16172,0
6,1996,0,0,16176,16176,0
1,2002,0,2,16198,16198,0
1,2002,0,1,16199,16199,0
0,2001,0,2,16200,16200,0
0,2001,0,1,16200,16200,0
0,1999,0,0,16200,16200,0
6,1996,0,0,16203,16203,0
1,2002,0,1,16226,16226,0
1,2002,0,2,16227,16227,0
0,2001,0,2,16228,16228,0
0,2001,0,1,16228,16228,0
0,1999,0,0,16228,16228,0
6,1996,0,0,16231,16231,0
1,2002,0,1,16255,16255,0
1,2002,0,2,16255,16255,0
0,2001,0,2,16256,16256,0
0,2001,0,1,16256,16256,0
0,1999,0,0,16256,16256,0
6,1996,0,0,16260,16260,0
1,2002,0,1,16283,16283,0
1,2002,0,2,16283,16283,0
0,2001,0,2,16284,16284,0
0,2001,0,1,16284,16284,0
0,1999,0,0,16284,16284,0
6,1996,0,0,16288,16288,0
1,2002,0,1,16311,16311,0
1,2002,0,2,16312,16312,0
0,2001,0,2,16312,16312,0
0,2001,0,1,16312,16312,0
0,1999,0,0,16313,16313,0
6,1996,0,0,16316,16316,0
1,2002,0,1,16339,16339,0
1,2002,0,2,16340,16340,0
0,2001,0,2,16340,16340,0
0,2001,0,1,16340,16340,0
0,1999,0,0,16340,16340,0
6,1996,0,0,16343,16343,0
1,2002,0,1,16366,16366,0
1,2002,0,2,16367,16367,0
0,2001,0,2,16367,16367,0
0,2001,0,1,16368,16368,0
0,1999,0,0,16368,16368,0
6,1996,0,0,16371,16371,0
1,2002,0,2,16394,16394,0
1,2002,0,1,16394,16394,0
0,2001,0,2,16395,16395,0
0,2001,0,1,16395,16395,0
0,1999,0,0,16395,16395,0
6,1996,0,0,16399,16399,0
1,2002,0,1,16422,16422,0
1,2002,0,2,16422,16422,0
0,2001,0,2,16423,16423,0
0,2001,0,1,16423,16423,0
0,1999,0,0,16424,16424,0
6,1996,0,0,16427,16427,0
1,2002,0,1,16450,16450,0
1,2002,0,2,16450,16450,0
0,2001,0,2,16451,16451,0
0,2001,0,1,16452,16452,0
0,1999,0,0,16452,16452,0
6,1996,0,0,16455,16455,0
1,2002,0,1,16478,16478,0
1,2002,0,2,16479,16479,0
0,2001,0,2,16479,16479,0
0,2001,0,1,16480,16480,0
0,1999,0,0,16480,16480,0
6,1996,0,0,16482,16482,0
1,2002,0,2,16505,16505,0
1,2002,0,1,16505,16505,0
0,2001,0,2,16506,16506,0
0,2001,0,1,16507,16507,0
0,1999,0,0,16507,16507,0
6,1996,0,0,16510,16510,0
1,2002,0,2,16533,16533,0
1,2002,0,1,16533,16533,0
0,2001,0,2,16534,16534,0
0,2001,0,1,16534,16534,0
0,1999,0,0,16535,16535,0
6,1996,0,0,16538,16538,0
1,2002,0,2,16561,16561,0
1,2002,0,1,16561,16561,0
0,2001,0,2,16562,16562,0
0,2001,0,1,16562,16562,0
0,1999,0,0,16563,16563,0
6,1996,0,0,16566,16566,0
1,2002,0,2,16588,16588,0
1,2002,0,1,16588,16588,0
0,2001,0,2,16590,16590,0
0,2001,0,1,16590,16590,0
0,1999,0,0,16590,16590,0
6,1996,0,0,16593,16593,0
1,2002,0,1,16616,16616,0
1,2002,0,2,16617,16617,0
0,2001,0,2,16617,16617,0
0,2001,0,1,16617,16618,0
0,1999,0,0,16618,16618,0
6,1996,0,0,16621,16621,0
1,2002,0,1,16644,16644,0
1,2002,0,2,16644,16644,0
0,2001,0,2,16645,16645,0
0,2001,0,1,16645,16645,0
0,1999,0,0,16645,16645,0
6,1996,0,0,16648,16648,0
1,2002,0,2,16670,16670,0
1,2002,0,1,16671,16671,0
0,2001,0,2,16672,16672,0
0,2001,0,1,16672,16672,0
0,1999,0,0,16672,16672,0
6,1996,0,0,16675,16675,0
1,2002,0,2,16698,16698,0
1,2002,0,1,16698,16698,0
0,2001,0,2,16699,16700,0
0,2001,0,1,16700,16700,0
0,1999,0,0,16700,16700,0
6,1996,0,0,16703,16703,0
1,2002,0,2,16725,16725,0
1,2002,0,1,16725,16725,0
0,2001,0,2,16727,16727,0
0,2001,0,1,16727,16727,0
0,1999,0,0,16727,16727,0
6,1996,0,0,16730,16730,0
1,2002,0,1,16753,16753,0
1,2002,0,2,16754,16754,0
0,2001,0,2,16754,16754,0
0,2001,0,1,16754,16754,0
0,1999,0,0,16755,16755,0
6,1996,0,0,16757,16757,0
1,2002,0,2,16781,16781,0
1,2002,0,1,16781,16781,0
0,2001,0,2,16782,16782,0
0,2001,0,1,16782,16782,0
0,1999,0,0,16783,16783,0
6,1996,0,0,16785,16785,0
1,2002,0,1,16808,16808,0
1,2002,0,2,16808,16808,0
0,2001,0,2,16810,16810,0
0,2001,0,1,16810,16810,0
0,1999,0,0,16810,16810,0
6,1996,0,0,16813,16813,0
1,2002,0,2,16836,16836,0
1,2002,0,1,16836,16836,0
0,2001,0,2,16837,16837,0
0,2001,0,1,16838,16838,0
0,1999,0,0,16838,16838,0
6,1996,0,0,16841,16841,0
1,2002,0,2,16864,16864,0
1,2002,0,1,16865,16865,0
0,2001,0,2,16866,16866,0
0,2001,0,1,16866,16866,0
0,1999,0,0,16866,16866,0
6,1996,0,0,16869,16869,0
1,2002,0,1,16892,16892,0
1,2002,0,2,16893,16893,0
0,2001,0,2,16894,16894,0
0,2001,0,1,16894,16894,0
0,1999,0,0,16894,16894,0
6,1996,0,0,16897,16897,0
1,2002,0,1,16920,16920,0
1,2002,0,2,16921,16921,0
0,2001,0,2,16921,16921,0
0,2001,0,1,16922,16922,0
0,1999,0,0,16922,16922,0
6,1996,0,0,16925,16925,0
1,2002,0,1,16948,16948,0
1,2002,0,2,16948,16948,0
0,2001,0,2,16949,16949,0
0,2001,0,1,16949,16949,0
0,1999,0,0,16949,16949,0
6,1996,0,0,16952,16952,0
1,2002,0,1,16975,16975,0
1,2002,0,2,16976,16976,0
0,2001,0,2,16977,16977,0
0,2001,0,1,16977,16977,0
0,1999,0,0,16977,16977,0
6,1996,0,0,16980,16980,0
1,2002,0,1,17003,17003,0
1,2002,0,2,17003,17003,0
0,2001,0,2,17004,17004,0
0,2001,0,1,17004,17004,0
0,1999,0,0,17004,17004,0
6,1996,0,0,17007,17007,0
1,2002,0,1,17030,17030,0
1,2002,0,2,17030,17030,0
0,2001,0,2,17032,17032,0
0,2001,0,1,17032,17032,0
0,1999,0,0,17032,17032,0
6,1996,0,0,17035,17035,0
1,2002,0,1,17058,17058,0
1,2002,0,2,17059,17059,0
0,2001,0,2,17060,17060,0
0,2001,0,1,17060,17060,0
0,1999,0,0,17060,17060,0
6,1996,0,0,17063,17063,0
1,2002,0,1,17087,17087,0
1,2002,0,2,17087,17087,0
0,2001,0,2,17088,17088,0
0,2001,0,1,17088,17088,0
0,1999,0,0,17088,17088,0
6,1996,0,0,17091,17091,0
1,2002,0,2,17114,17114,0
1,2002,0,1,17114,17114,0
0,2001,0,2,17115,17115,0
0,2001,0,1,17115,17115,0
0,1999,0,0,17116,17116,0
6,1996,0,0,17119,17119,0
1,2002,0,2,17142,17142,0
1,2002,0,1,17142,17142,0
0,2001,0,2,17144,17144,0
0,2001,0,1,17144,17144,0
0,1999,0,0,17144,17144,0
6,1996,0,0,17148,17148,0
1,2002,0,2,17171,17171,0
1,2002,0,1,17171,17171,0
0,2001,0,2,17172,17172,0
0,2001,0,1,17172,17172,0
0,1999,0,0,17173,17173,0
6,1996,0,0,17177,17177,0
1,2002,0,1,17200,17200,0
1,2002,0,2,17201,17201,0
0,2001,0,2,17201,17201,0
0,2001,0,1,17201,17201,0
0,1999,0,0,17201,17201,0
6,1996,0,0,17205,17205,0
1,2002,0,2,17228,17228,0
1,2002,0,1,17228,17228,0
0,2001,0,2,17229,17229,0
0,2001,0,1,17230,17230,0
0,1999,0,0,17230,17230,0
6,1996,0,0,17233,17233,0
1,2002,0,2,17256,17256,0
1,2002,0,1,17256,17256,0
0,2001,0,2,17258,17258,0
0,2001,0,1,17258,17258,0
0,1999,0,0,17258,17258,0
6,1996,0,0,17261,17261,0
1,2002,0,2,17283,17283,0
1,2002,0,1,17284,17284,0
0,2001,0,2,17285,17285,0
0,2001,0,1,17285,17285,0
0,1999,0,0,17285,17285,0
6,1996,0,0,17289,17289,0
1,2002,0,1,17312,17312,0
1,2002,0,2,17312,17312,0
0,2001,0,2,17313,17313,0
0,2001,0,1,17313,17313,0
0,1999,0,0,17313,17313,0
6,1996,0,0,17317,17317,0
1,2002,0,2,17340,17340,0
1,2002,0,1,17340,17340,0
0,2001,0,2,17341,17341,0
0,2001,0,1,17341,17341,0
0,1999,0,0,17341,17341,0
6,1996,0,0,17345,17345,0
1,2002,0,1,17368,17368,0
1,2002,0,2,17369,17369,0
0,2001,0,2,17369,17369,0
0,2001,0,1,17370,17370,0
0,1999,0,0,17370,17370,0
6,1996,0,0,17373,17373,0
1,2002,0,1,17396,17396,0
1,2002,0,2,17396,17396,0
0,2001,0,2,17397,17397,0
0,2001,0,1,17397,17397,0
0,1999,0,0,17397,17397,0
6,1996,0,0,17400,17400,0
1,2002,0,1,17423,17423,0
1,2002,0,2,17424,17424,0
0,2001,0,2,17424,17424,0
0,2001,0,1,17425,17425,0
0,1999,0,0,17425,17425,0
