thread,tag,sender,reciever,begin,end,lifeSpan
6,1996,1,1,145,145,0
0,2001,1,0,186,186,0
3,1030,1,0,188,188,0
0,2001,1,0,189,189,0
0,1999,1,1,190,190,0
1,2002,1,0,194,194,0
6,1996,1,1,235,235,0
1,2002,1,0,277,277,0
0,2001,1,0,278,278,0
0,1999,1,1,278,278,0
6,1996,1,1,282,282,0
1,2002,1,0,325,325,0
0,2001,1,0,325,325,0
0,1999,1,1,325,325,0
6,1996,1,1,327,327,0
0,2001,1,0,369,369,0
0,1999,1,1,370,370,0
1,2002,1,0,371,371,0
6,1996,1,1,373,373,0
0,2001,1,0,416,416,0
0,1999,1,1,416,416,0
1,2002,1,0,417,417,0
6,1996,1,1,420,420,0
0,2001,1,0,463,463,0
0,1999,1,1,463,463,0
1,2002,1,0,464,464,0
6,1996,1,1,466,466,0
0,2001,1,0,509,509,0
3,1030,1,0,510,510,0
0,2001,1,0,512,512,0
0,1999,1,1,512,512,0
1,2002,1,0,516,516,0
6,1996,1,1,519,519,0
0,2001,1,0,564,564,0
3,1030,1,0,565,565,0
0,2001,1,0,568,568,0
3,1030,1,0,568,568,0
0,2001,1,0,570,570,0
0,1999,1,1,571,571,0
1,2002,1,0,573,573,0
6,1996,1,1,576,576,0
1,2002,1,0,618,618,0
1,1030,1,0,618,618,0
0,2001,1,0,619,619,0
0,1999,1,1,620,620,0
1,2002,1,0,621,621,0
6,1996,1,1,624,624,0
0,2001,1,0,663,663,0
0,1999,1,1,664,664,0
1,2002,1,0,666,666,0
6,1996,1,1,668,668,0
0,2001,1,0,707,707,0
1,2002,1,0,707,707,0
3,1030,1,0,707,707,0
0,2001,1,0,709,709,0
0,1999,1,1,709,709,0
6,1996,1,1,713,713,0
1,2002,1,0,751,751,0
1,1030,1,0,752,752,0
0,2001,1,0,752,752,0
0,1999,1,1,753,753,0
1,2002,1,0,755,755,0
6,1996,1,1,758,758,0
0,2001,1,0,798,798,0
0,1999,1,1,798,798,0
1,2002,1,0,798,798,0
6,1996,1,1,802,802,0
0,2001,1,0,843,843,0
0,1999,1,1,843,843,0
1,2002,1,0,843,843,0
6,1996,1,1,847,847,0
0,2001,1,0,886,886,0
0,1999,1,1,886,886,0
1,2002,1,0,888,888,0
6,1996,1,1,891,891,0
0,2001,1,0,929,929,0
0,1999,1,1,930,930,0
1,2002,1,0,933,933,0
6,1996,1,1,936,936,0
0,2001,1,0,975,975,0
0,1999,1,1,975,975,0
1,2002,1,0,977,977,0
6,1996,1,1,980,980,0
0,2001,1,0,1017,1017,0
3,1030,1,0,1018,1018,0
1,2002,1,0,1019,1019,0
0,2001,1,0,1020,1020,0
0,1999,1,1,1020,1020,0
6,1996,1,1,1024,1024,0
1,2002,1,0,1063,1063,0
1,1030,1,0,1064,1064,0
0,2001,1,0,1064,1064,0
0,1999,1,1,1064,1064,0
1,2002,1,0,1066,1066,0
6,1996,1,1,1070,1070,0
0,2001,1,0,1108,1108,0
0,1999,1,1,1109,1109,0
1,2002,1,0,1111,1111,0
6,1996,1,1,1115,1115,0
1,2002,1,0,1149,1149,0
1,1030,1,0,1149,1149,0
1,2002,1,0,1150,1150,0
1,1030,1,0,1150,1150,0
0,2001,1,0,1151,1151,0
0,1999,1,1,1151,1151,0
1,2002,1,0,1153,1153,0
6,1996,1,1,1157,1157,0
0,2001,1,0,1193,1193,0
0,1999,1,1,1193,1193,0
1,2002,1,0,1193,1193,0
6,1996,1,1,1197,1197,0
1,2002,1,0,1233,1233,0
0,2001,1,0,1234,1234,0
0,1999,1,1,1234,1234,0
6,1996,1,1,1238,1238,0
0,2001,1,0,1274,1274,0
1,2002,1,0,1274,1274,0
0,1999,1,1,1274,1274,0
6,1996,1,1,1278,1278,0
1,2002,1,0,1312,1312,0
0,2001,1,0,1312,1313,0
0,1999,1,1,1313,1313,0
1,1030,1,0,1313,1313,0
1,2002,1,0,1315,1315,0
6,1996,1,1,1319,1319,0
0,2001,1,0,1353,1353,0
3,1030,1,0,1353,1353,0
1,2002,1,0,1354,1354,0
0,2001,1,0,1355,1355,0
0,1999,1,1,1356,1356,0
6,1996,1,1,1360,1360,0
0,2001,1,0,1395,1395,0
0,1999,1,1,1395,1395,0
1,2002,1,0,1395,1395,0
6,1996,1,1,1400,1400,0
0,2001,1,0,1435,1435,0
0,1999,1,1,1436,1436,0
1,2002,1,0,1437,1437,0
6,1996,1,1,1441,1441,0
0,2001,1,0,1475,1475,0
3,1030,1,0,1475,1475,0
1,2002,1,0,1476,1476,0
0,2001,1,0,1478,1478,0
0,1999,1,1,1478,1478,0
6,1996,1,1,1482,1482,0
1,2002,1,0,1517,1517,0
0,2001,1,0,1517,1517,0
1,1030,1,0,1517,1517,0
0,1999,1,1,1517,1517,0
1,2002,1,0,1519,1519,0
6,1996,1,1,1523,1523,0
0,2001,1,0,1558,1558,0
0,1999,1,1,1558,1558,0
1,2002,1,0,1558,1558,0
6,1996,1,1,1562,1562,0
0,2001,1,0,1596,1596,0
0,1999,1,1,1596,1596,0
1,2002,1,0,1598,1598,0
6,1996,1,1,1601,1601,0
0,2001,1,0,1636,1636,0
0,1999,1,1,1636,1636,0
1,2002,1,0,1637,1638,0
6,1996,1,1,1641,1641,0
0,2001,1,0,1675,1675,0
0,1999,1,1,1676,1676,0
1,2002,1,0,1676,1677,0
6,1996,1,1,1680,1680,0
0,2001,1,0,1715,1715,0
0,1999,1,1,1715,1715,0
1,2002,1,0,1716,1716,0
6,1996,1,1,1720,1720,0
0,2001,1,0,1755,1755,0
0,1999,1,1,1755,1755,0
1,2002,1,0,1757,1757,0
6,1996,1,1,1761,1761,0
0,2001,1,0,1796,1796,0
0,1999,1,1,1796,1796,0
1,2002,1,0,1798,1798,0
6,1996,1,1,1801,1801,0
0,2001,1,0,1836,1836,0
0,1999,1,1,1837,1837,0
1,2002,1,0,1837,1837,0
6,1996,1,1,1841,1841,0
0,2001,1,0,1875,1875,0
0,1999,1,1,1875,1875,0
1,2002,1,0,1877,1877,0
6,1996,1,1,1882,1882,0
0,2001,1,0,1915,1915,0
3,1030,1,0,1915,1915,0
1,2002,1,0,1916,1916,0
0,2001,1,0,1917,1917,0
0,1999,1,1,1918,1918,0
6,1996,1,1,1921,1921,0
1,2002,1,0,1956,1956,0
0,2001,1,0,1957,1957,0
0,1999,1,1,1957,1957,0
6,1996,1,1,1961,1961,0
1,2002,1,0,1994,1994,0
1,1030,1,0,1994,1994,0
0,2001,1,0,1995,1995,0
0,1999,1,1,1995,1995,0
1,2002,1,0,1997,1997,0
6,1996,1,1,2000,2000,0
0,2001,1,0,2034,2034,0
3,1030,1,0,2035,2035,0
1,2002,1,0,2035,2035,0
0,2001,1,0,2037,2037,0
0,1999,1,1,2037,2037,0
6,1996,1,1,2042,2042,0
1,2002,1,0,2075,2075,0
1,1030,1,0,2075,2075,0
0,2001,1,0,2076,2076,0
0,1999,1,1,2076,2076,0
1,2002,1,0,2077,2077,0
6,1996,1,1,2081,2081,0
0,2001,1,0,2113,2113,0
3,1030,1,0,2114,2114,0
1,2002,1,0,2114,2114,0
0,2001,1,0,2116,2116,0
0,1999,1,1,2116,2116,0
6,1996,1,1,2120,2120,0
1,2002,1,0,2154,2154,0
0,2001,1,0,2154,2154,0
0,1999,1,1,2154,2154,0
6,1996,1,1,2159,2159,0
1,2002,1,0,2191,2191,0
1,1030,1,0,2191,2191,0
0,2001,1,0,2192,2192,0
0,1999,1,1,2193,2193,0
1,2002,1,0,2194,2194,0
6,1996,1,1,2198,2198,0
0,2001,1,0,2232,2232,0
3,1030,1,0,2233,2233,0
1,2002,1,0,2233,2233,0
0,2001,1,0,2235,2235,0
0,1999,1,1,2235,2235,0
6,1996,1,1,2238,2238,0
1,2002,1,0,2271,2272,0
0,2001,1,0,2272,2272,0
0,1999,1,1,2273,2273,0
6,1996,1,1,2283,2283,0
1,2002,1,0,2315,2315,0
0,2001,1,0,2315,2315,0
0,1999,1,1,2315,2315,0
1,1030,1,0,2316,2316,0
1,2002,1,0,2318,2318,0
6,1996,1,1,2323,2323,0
0,2001,1,0,2356,2356,0
3,1030,1,0,2356,2356,0
1,2002,1,0,2356,2356,0
0,2001,1,0,2358,2358,0
0,1999,1,1,2358,2358,0
6,1996,1,1,2362,2362,0
1,2002,1,0,2394,2394,0
1,1030,1,0,2394,2394,0
0,2001,1,0,2396,2396,0
0,1999,1,1,2396,2396,0
1,2002,1,0,2396,2396,0
6,1996,1,1,2401,2401,0
0,2001,1,0,2433,2433,0
1,2002,1,0,2434,2434,0
3,1030,1,0,2434,2434,0
0,2001,1,0,2436,2436,0
0,1999,1,1,2436,2436,0
6,1996,1,1,2441,2441,0
1,2002,1,0,2473,2473,0
1,1030,1,0,2473,2473,0
0,2001,1,0,2474,2474,0
0,1999,1,1,2474,2474,0
1,2002,1,0,2475,2475,0
6,1996,1,1,2482,2482,0
0,2001,1,0,2516,2516,0
3,1030,1,0,2516,2516,0
1,2002,1,0,2516,2516,0
0,2001,1,0,2518,2518,0
0,1999,1,1,2519,2519,0
6,1996,1,1,2524,2524,0
1,2002,1,0,2558,2558,0
0,2001,1,0,2560,2560,0
0,1999,1,1,2560,2560,0
6,1996,1,1,2565,2565,0
1,2002,1,0,2598,2598,0
0,2001,1,0,2599,2599,0
0,1999,1,1,2599,2599,0
6,1996,1,1,2604,2604,0
1,2002,1,0,2636,2636,0
1,1030,1,0,2637,2637,0
0,2001,1,0,2637,2637,0
0,1999,1,1,2637,2637,0
1,2002,1,0,2639,2639,0
6,1996,1,1,2643,2643,0
0,2001,1,0,2676,2676,0
0,1999,1,1,2676,2676,0
1,2002,1,0,2678,2678,0
6,1996,1,1,2683,2683,0
0,2001,1,0,2715,2715,0
0,1999,1,1,2716,2716,0
1,2002,1,0,2718,2718,0
6,1996,1,1,2723,2723,0
0,2001,1,0,2756,2756,0
3,1030,1,0,2756,2756,0
0,2001,1,0,2757,2757,0
0,1999,1,1,2758,2758,0
1,2002,1,0,2758,2758,0
6,1996,1,1,2763,2763,0
1,2002,1,0,2797,2797,0
0,2001,1,0,2797,2797,0
0,1999,1,1,2797,2797,0
1,1030,1,0,2797,2797,0
1,2002,1,0,2799,2799,0
6,1996,1,1,2804,2804,0
0,2001,1,0,2838,2838,0
3,1030,1,0,2838,2838,0
1,2002,1,0,2839,2839,0
0,2001,1,0,2840,2840,0
0,1999,1,1,2840,2840,0
6,1996,1,1,2846,2846,0
1,2002,1,0,2881,2881,0
0,2001,1,0,2881,2881,0
0,1999,1,1,2882,2882,0
6,1996,1,1,2887,2887,0
1,2002,1,0,2920,2920,0
1,1030,1,0,2920,2920,0
0,2001,1,0,2921,2921,0
0,1999,1,1,2921,2921,0
1,2002,1,0,2922,2922,0
6,1996,1,1,2926,2927,0
0,2001,1,0,2959,2959,0
3,1030,1,0,2960,2960,0
1,2002,1,0,2961,2961,0
0,2001,1,0,2962,2962,0
0,1999,1,1,2962,2962,0
6,1996,1,1,2966,2966,0
1,2002,1,0,2998,2998,0
1,1030,1,0,2998,2998,0
0,2001,1,0,3000,3000,0
0,1999,1,1,3000,3000,0
1,2002,1,0,3000,3000,0
6,1996,1,1,3005,3005,0
0,2001,1,0,3037,3037,0
0,1999,1,1,3037,3037,0
1,2002,1,0,3039,3039,0
6,1996,1,1,3043,3043,0
1,2002,1,0,3077,3077,0
0,2001,1,0,3077,3077,0
0,1999,1,1,3078,3078,0
6,1996,1,1,3081,3081,0
0,2001,1,0,3114,3114,0
0,1999,1,1,3114,3114,0
1,2002,1,0,3115,3115,0
6,1996,1,1,3120,3120,0
0,2001,1,0,3153,3153,0
3,1030,1,0,3153,3153,0
1,2002,1,0,3154,3154,0
0,2001,1,0,3155,3155,0
0,1999,1,1,3156,3156,0
6,1996,1,1,3160,3160,0
1,2002,1,0,3195,3195,0
0,2001,1,0,3196,3196,0
0,1999,1,1,3196,3196,0
6,1996,1,1,3201,3201,0
0,2001,1,0,3236,3236,0
1,2002,1,0,3236,3236,0
0,1999,1,1,3236,3236,0
6,1996,1,1,3239,3239,0
5,2001,1,1,3250,3250,0
1,1030,1,1,3259,3259,0
1,1999,1,1,3260,3260,0
6,1997,1,1,3261,3261,0
1,2002,1,0,3272,3272,0
1,1030,1,0,3273,3273,0
1,1030,1,2,3273,3273,0
0,1999,1,0,3274,3274,0
0,1999,1,1,3274,3274,0
0,2001,1,0,3274,3274,0
6,2001,1,1,3275,3275,0
6,1030,1,1,3275,3275,0
1,2002,1,0,3275,3275,0
0,1999,1,1,3275,3284,8
1,2002,1,2,3284,3284,0
6,1996,1,1,3310,3310,0
1,2002,1,2,3310,3310,0
1,1030,1,0,3310,3310,0
1,1030,1,2,3310,3310,0
1,2002,1,2,3314,3314,0
1,1030,1,0,3314,3314,0
1,1030,1,2,3314,3314,0
1,2002,1,2,3317,3317,0
1,1030,1,0,3318,3318,0
1,1030,1,2,3318,3318,0
1,2002,1,2,3321,3321,0
1,1030,1,0,3321,3321,0
1,1030,1,2,3321,3321,0
1,2002,1,2,3331,3331,0
1,1030,1,0,3332,3332,0
1,1030,1,2,3332,3332,0
1,2002,1,2,3333,3333,0
0,2001,1,0,3334,3334,0
3,1030,1,0,3336,3336,0
3,1030,1,0,3337,3337,0
0,2001,1,0,3338,3338,0
3,1030,1,0,3338,3338,0
0,2001,1,0,3341,3341,0
0,2001,1,2,3341,3341,0
0,1999,1,1,3341,3341,0
1,2002,1,0,3351,3351,0
6,1996,1,1,3354,3354,0
1,2002,1,2,3367,3367,0
1,1030,1,0,3367,3367,0
1,1030,1,2,3367,3367,0
1,2002,1,2,3369,3369,0
1,1030,1,0,3370,3370,0
1,1030,1,2,3370,3370,0
1,2002,1,2,3372,3372,0
1,1030,1,0,3372,3372,0
1,1030,1,2,3372,3372,0
1,2002,1,2,3375,3375,0
0,2001,1,0,3376,3376,0
1,2002,1,0,3381,3381,0
3,1030,1,0,3384,3384,0
0,2001,1,2,3384,3384,0
0,1999,1,1,3384,3384,0
6,1996,1,1,3394,3394,0
1,2002,1,2,3415,3415,0
1,1030,1,0,3415,3415,0
1,1030,1,2,3415,3415,0
0,2001,1,0,3415,3415,0
3,1030,1,0,3415,3415,0
1,2002,1,2,3418,3418,0
0,2001,1,0,3418,3418,0
0,2001,1,2,3418,3418,0
0,1999,1,1,3419,3419,0
1,2002,1,0,3419,3419,0
6,1996,1,1,3430,3430,0
1,2002,1,2,3451,3451,0
0,2001,1,0,3453,3453,0
0,2001,1,2,3453,3453,0
0,1999,1,1,3453,3453,0
1,2002,1,0,3454,3454,0
6,1996,1,1,3457,3457,0
1,2002,1,2,3479,3479,0
0,2001,1,0,3481,3481,0
0,2001,1,2,3481,3481,0
0,1999,1,1,3482,3482,0
1,2002,1,0,3482,3482,0
6,1996,1,1,3486,3486,0
1,2002,1,2,3508,3508,0
0,2001,1,0,3510,3510,0
0,2001,1,2,3510,3510,0
0,1999,1,1,3523,3523,0
1,2002,1,0,3524,3524,0
6,1996,1,1,3535,3535,0
1,2002,1,2,3557,3557,0
0,2001,1,0,3558,3558,0
0,2001,1,2,3558,3558,0
0,1999,1,1,3558,3558,0
1,2002,1,0,3560,3560,0
6,1996,1,1,3563,3563,0
1,2002,1,2,3585,3585,0
1,1030,1,0,3586,3586,0
1,1030,1,2,3586,3586,0
1,2002,1,0,3588,3588,0
1,1030,1,0,3588,3588,0
1,1030,1,2,3588,3588,0
1,2002,1,2,3588,3588,0
1,1030,1,0,3589,3589,0
1,1030,1,2,3589,3589,0
1,2002,1,0,3590,3590,0
1,1030,1,0,3590,3590,0
1,1030,1,2,3590,3590,0
1,2002,1,2,3591,3591,0
1,2002,1,0,3593,3593,0
0,2001,1,0,3594,3595,0
0,2001,1,2,3595,3595,0
0,1999,1,1,3596,3596,0
6,1996,1,1,3599,3599,0
0,2001,1,0,3622,3622,0
3,1030,1,0,3622,3622,0
1,2002,1,2,3624,3624,0
0,2001,1,0,3625,3625,0
0,2001,1,2,3625,3625,0
0,1999,1,1,3625,3625,0
1,2002,1,0,3626,3626,0
6,1996,1,1,3639,3639,0
0,2001,1,0,3660,3660,0
3,1030,1,0,3660,3660,0
1,2002,1,0,3663,3663,0
0,2001,1,0,3664,3664,0
1,2002,1,2,3664,3664,0
0,2001,1,2,3664,3664,0
0,1999,1,1,3665,3665,0
6,1996,1,1,3669,3669,0
1,2002,1,0,3693,3693,0
0,2001,1,0,3693,3693,0
0,2001,1,2,3694,3694,0
0,1999,1,1,3694,3694,0
1,2002,1,2,3694,3694,0
6,1996,1,1,3698,3698,0
0,2001,1,0,3718,3718,0
3,1030,1,0,3718,3718,0
3,1030,1,2,3720,3720,0
0,2001,1,0,3722,3722,0
0,2001,1,2,3722,3722,0
0,1999,1,1,3722,3722,0
1,2002,1,0,3722,3722,0
1,2002,1,2,3722,3722,0
6,1996,1,1,3725,3725,0
1,2002,1,0,3748,3748,0
1,1030,1,0,3749,3749,0
1,1030,1,2,3749,3749,0
1,2002,1,2,3749,3749,0
1,1030,1,0,3749,3749,0
1,1030,1,2,3749,3749,0
1,2002,1,0,3751,3751,0
1,1030,1,0,3751,3751,0
1,1030,1,2,3751,3751,0
1,2002,1,2,3753,3753,0
1,2002,1,0,3754,3754,0
0,2001,1,0,3758,3758,0
0,2001,1,2,3761,3761,0
0,1999,1,1,3761,3761,0
6,1996,1,1,3775,3775,0
0,2001,1,0,3789,3789,0
3,1030,1,0,3789,3789,0
0,2001,1,0,3792,3792,0
1,2002,1,2,3800,3801,0
3,1030,1,0,3801,3801,0
3,1030,1,2,3801,3801,0
0,2001,1,0,3810,3810,0
1,2002,1,0,3810,3810,0
0,2001,1,2,3814,3814,0
0,1999,1,1,3814,3814,0
6,1996,1,1,3826,3826,0
1,2002,1,2,3859,3859,0
1,1030,1,0,3860,3860,0
1,1030,1,2,3860,3860,0
0,2001,1,0,3865,3865,0
3,1030,1,0,3865,3865,0
1,2002,1,2,3865,3865,0
3,1030,1,0,3866,3866,0
0,2001,1,0,3867,3867,0
0,2001,1,0,3871,3871,0
3,1030,1,0,3871,3871,0
0,2001,1,2,3871,3871,0
0,1999,1,1,3872,3872,0
1,2002,1,0,3872,3872,0
6,1996,1,1,3891,3891,0
0,2001,1,0,3914,3914,0
3,1030,1,2,3916,3916,0
3,1030,1,0,3916,3916,0
1,2002,1,2,3916,3916,0
0,2001,1,0,3919,3919,0
0,2001,1,2,3919,3919,0
1,2002,1,0,3928,3928,0
0,1999,1,1,3928,3928,0
6,1996,1,1,3957,3957,0
1,2002,1,0,3980,3980,0
0,2001,1,0,3982,3982,0
0,2001,1,2,3982,3982,0
1,2002,1,2,3982,3982,0
0,1999,1,1,4004,4004,0
6,1996,1,1,4011,4011,0
1,2002,1,0,4035,4035,0
1,2002,1,2,4036,4036,0
0,2001,1,0,4037,4037,0
0,2001,1,2,4037,4037,0
0,1999,1,1,4037,4037,0
6,1996,1,1,4042,4042,0
1,2002,1,0,4065,4065,0
0,2001,1,0,4067,4067,0
0,2001,1,2,4067,4067,0
0,1999,1,1,4067,4067,0
1,2002,1,2,4068,4068,0
6,1996,1,1,4073,4073,0
1,2002,1,2,4097,4097,0
3,1030,1,2,4097,4097,0
0,2001,1,0,4098,4098,0
0,2001,1,2,4098,4098,0
0,1999,1,1,4104,4104,0
1,2002,1,0,4104,4104,0
6,1996,1,1,4124,4124,0
1,2002,1,2,4148,4148,0
0,2001,1,0,4149,4149,0
0,2001,1,2,4150,4150,0
1,2002,1,0,4150,4150,0
0,1999,1,1,4150,4150,0
6,1996,1,1,4154,4154,0
1,2002,1,2,4178,4178,0
0,2001,1,0,4180,4180,0
0,2001,1,2,4180,4180,0
1,2002,1,0,4180,4180,0
0,1999,1,1,4180,4180,0
6,1996,1,1,4184,4184,0
1,2002,1,2,4207,4207,0
0,2001,1,0,4210,4210,0
1,2002,1,0,4210,4210,0
0,2001,1,2,4210,4210,0
0,1999,1,1,4210,4210,0
6,1996,1,1,4213,4213,0
1,2002,1,2,4237,4237,0
0,2001,1,0,4239,4239,0
1,2002,1,0,4239,4239,0
0,2001,1,2,4239,4239,0
0,1999,1,1,4239,4239,0
6,1996,1,1,4255,4255,0
1,2002,1,2,4266,4267,1
1,1030,1,0,4268,4268,0
1,1030,1,2,4268,4268,0
0,2001,1,0,4277,4277,0
0,2001,1,2,4278,4278,0
1,2002,1,0,4278,4278,0
0,1999,1,1,4278,4278,0
1,2002,1,2,4284,4284,0
6,1996,1,1,4297,4297,0
0,2001,1,0,4320,4320,0
3,1030,1,0,4320,4320,0
0,2001,1,0,4322,4322,0
0,2001,1,2,4332,4332,0
3,1030,1,2,4333,4333,0
0,1999,1,1,4333,4333,0
1,2002,1,2,4334,4334,0
1,2002,1,0,4343,4343,0
6,1996,1,1,4418,4418,0
3,1030,1,2,4422,4422,0
3,1030,1,2,4422,4422,0
3,1030,1,2,4425,4425,0
1,2002,1,2,4426,4426,0
1,1030,1,0,4427,4427,0
1,1030,1,2,4427,4427,0
1,2002,1,2,4430,4430,0
1,1030,1,0,4431,4431,0
1,1030,1,2,4431,4431,0
1,2002,1,0,4431,4431,0
1,1030,1,0,4431,4431,0
1,1030,1,2,4431,4431,0
1,2002,1,2,4433,4433,0
1,1030,1,0,4434,4434,0
1,1030,1,2,4434,4434,0
1,2002,1,0,4435,4435,0
0,2001,1,0,4435,4435,0
0,2001,1,2,4435,4435,0
1,2002,1,2,4438,4438,0
0,1999,1,1,4448,4448,0
6,1996,1,1,4473,4473,0
0,2001,1,0,4490,4490,0
3,1030,1,0,4490,4490,0
0,2001,1,0,4493,4493,0
3,1030,1,0,4494,4494,0
0,2001,1,0,4496,4496,0
3,1030,1,0,4496,4496,0
0,2001,1,0,4499,4499,0
3,1030,1,0,4499,4499,0
0,2001,1,0,4501,4501,0
1,2002,1,2,4502,4502,0
3,1030,1,0,4503,4503,0
0,2001,1,0,4507,4507,0
0,2001,1,2,4519,4519,0
1,2002,1,0,4519,4519,0
0,1999,1,1,4520,4520,0
6,1996,1,1,4560,4560,0
3,1030,1,2,4579,4579,0
3,1030,1,2,4582,4582,0
1,2002,1,0,4584,4584,0
1,1030,1,0,4584,4584,0
1,1030,1,2,4584,4584,0
1,2002,1,2,4585,4585,0
1,1030,1,0,4585,4585,0
1,1030,1,2,4585,4585,0
0,2001,1,0,4587,4587,0
0,2001,1,2,4587,4587,0
0,1999,1,1,4587,4587,0
1,2002,1,0,4588,4588,0
1,2002,1,2,4590,4590,0
6,1996,1,1,4594,4594,0
0,2001,1,0,4618,4618,0
0,2001,1,2,4618,4618,0
3,1030,1,2,4619,4619,0
1,2002,1,2,4619,4619,0
1,2002,1,0,4620,4620,0
0,2001,1,2,4634,4634,0
0,1999,1,1,4634,4634,0
6,1996,1,1,4637,4637,0
1,2002,1,2,4662,4662,0
1,1030,1,0,4663,4663,0
1,1030,1,2,4663,4663,0
1,2002,1,0,4663,4663,0
1,1030,1,0,4663,4663,0
1,1030,1,2,4663,4663,0
1,2002,1,0,4666,4666,0
1,1030,1,0,4666,4666,0
1,1030,1,2,4666,4666,0
1,2002,1,2,4667,4667,0
0,2001,1,0,4668,4668,0
0,2001,1,2,4668,4668,0
1,2002,1,0,4671,4671,0
0,1999,1,1,4671,4671,0
6,1996,1,1,4689,4689,0
1,2002,1,2,4717,4717,0
1,1030,1,0,4717,4717,0
1,1030,1,2,4717,4717,0
1,2002,1,2,4721,4721,0
1,1030,1,0,4721,4721,0
1,1030,1,2,4721,4721,0
1,2002,1,0,4721,4721,0
0,2001,1,0,4723,4723,0
0,2001,1,2,4723,4723,0
0,1999,1,1,4723,4723,0
1,2002,1,2,4728,4728,0
6,1996,1,1,4747,4747,0
0,2001,1,0,4761,4761,0
3,1030,1,0,4761,4761,0
0,2001,1,0,4763,4763,0
3,1030,1,0,4764,4764,0
0,2001,1,0,4765,4765,0
0,2001,1,2,4774,4774,0
3,1030,1,2,4774,4774,0
1,2002,1,2,4775,4775,0
3,1030,1,2,4776,4776,0
0,2001,1,2,4776,4776,0
1,2002,1,0,4776,4776,0
0,1999,1,1,4776,4776,0
6,1996,1,1,4803,4803,0
1,2002,1,2,4818,4818,0
1,1030,1,0,4818,4818,0
1,1030,1,2,4818,4818,0
1,2002,1,0,4818,4818,0
1,1030,1,0,4818,4818,0
1,1030,1,2,4818,4818,0
0,2001,1,0,4819,4819,0
0,2001,1,2,4819,4819,0
0,1999,1,1,4820,4820,0
1,2002,1,0,4820,4820,0
1,2002,1,2,4821,4821,0
6,1996,1,1,4827,4827,0
0,2001,1,0,4842,4842,0
3,1030,1,0,4843,4843,0
0,2001,1,0,4845,4845,0
3,1030,1,0,4845,4845,0
0,2001,1,0,4847,4847,0
3,1030,1,0,4847,4847,0
0,2001,1,0,4850,4850,0
0,2001,1,2,4850,4850,0
3,1030,1,2,4851,4851,0
1,2002,1,2,4853,4853,0
0,2001,1,2,4854,4854,0
0,1999,1,1,4854,4854,0
1,2002,1,0,4854,4854,0
6,1996,1,1,4865,4865,0
3,1030,1,2,4889,4889,0
0,2001,1,0,4889,4889,0
1,2002,1,2,4890,4890,0
0,2001,1,2,4890,4890,0
0,1999,1,1,4890,4890,0
1,2002,1,0,4891,4891,0
6,1996,1,1,4907,4907,0
1,2002,1,2,4931,4931,0
0,2001,1,0,4931,4931,0
0,2001,1,2,4932,4932,0
0,1999,1,1,4932,4932,0
1,2002,1,0,4933,4933,0
6,1996,1,1,4940,4940,0
1,2002,1,2,4964,4964,0
1,2002,1,0,4965,4965,0
0,2001,1,0,4965,4965,0
0,2001,1,2,4968,4968,0
0,1999,1,1,4969,4969,0
6,1996,1,1,4982,4982,0
1,2002,1,2,5003,5003,0
0,2001,1,0,5005,5005,0
1,1030,1,0,5005,5005,0
1,1030,1,2,5005,5005,0
1,2002,1,0,5006,5006,0
1,2002,1,2,5009,5009,0
3,1030,1,0,5024,5024,0
0,2001,1,0,5025,5025,0
0,2001,1,2,5025,5025,0
0,1999,1,1,5043,5043,0
6,1996,1,1,5050,5050,0
1,2002,1,2,5074,5074,0
1,1030,1,0,5075,5075,0
1,1030,1,2,5075,5075,0
1,2002,1,0,5076,5076,0
1,1030,1,0,5076,5076,0
1,1030,1,2,5076,5076,0
0,2001,1,0,5087,5087,0
1,2002,1,2,5087,5087,0
1,2002,1,0,5090,5090,0
0,2001,1,2,5090,5090,0
0,1999,1,1,5091,5091,0
6,1996,1,1,5113,5113,0
0,2001,1,0,5131,5131,0
3,1030,1,0,5132,5132,0
0,2001,1,0,5134,5134,0
1,2002,1,2,5138,5138,0
3,1030,1,0,5143,5143,0
1,2002,1,0,5149,5149,0
0,2001,1,0,5152,5152,0
0,2001,1,2,5152,5152,0
0,1999,1,1,5152,5152,0
6,1996,1,1,5170,5170,0
0,2001,1,0,5193,5193,0
3,1030,1,0,5194,5194,0
0,2001,1,0,5196,5196,0
3,1030,1,0,5207,5207,0
1,2002,1,2,5207,5207,0
0,2001,1,0,5210,5210,0
0,2001,1,2,5210,5211,0
1,2002,1,0,5211,5211,0
0,1999,1,1,5211,5211,0
6,1996,1,1,5246,5246,0
3,1030,1,2,5265,5265,0
0,2001,1,0,5275,5275,0
0,2001,1,2,5275,5275,0
1,2002,1,0,5279,5279,0
1,2002,1,2,5280,5280,0
3,1030,1,2,5280,5281,0
0,2001,1,2,5283,5283,0
0,1999,1,1,5284,5284,0
6,1996,1,1,5340,5340,0
1,2002,1,2,5360,5360,0
1,1030,1,0,5361,5361,0
1,1030,1,2,5361,5361,0
0,2001,1,0,5368,5369,0
3,1030,1,0,5371,5371,0
1,2002,1,0,5372,5372,0
0,2001,1,0,5373,5373,0
0,2001,1,2,5373,5373,0
0,1999,1,1,5373,5373,0
1,2002,1,2,5375,5375,0
6,1996,1,1,5383,5383,0
1,2002,1,0,5404,5404,0
1,1030,1,0,5404,5404,0
1,1030,1,2,5404,5404,0
1,2002,1,0,5406,5407,0
1,1030,1,0,5407,5407,0
1,1030,1,2,5407,5407,0
1,2002,1,2,5407,5407,0
0,2001,1,0,5409,5409,0
1,2002,1,0,5426,5426,0
0,2001,1,2,5426,5426,0
0,1999,1,1,5431,5431,0
6,1996,1,1,5453,5453,0
1,2002,1,2,5476,5476,0
1,1030,1,0,5477,5477,0
1,1030,1,2,5477,5477,0
1,2002,1,2,5480,5480,0
1,1030,1,0,5481,5481,0
1,1030,1,2,5481,5481,0
1,2002,1,2,5485,5485,0
1,1030,1,0,5486,5486,0
1,1030,1,2,5486,5486,0
0,2001,1,0,5486,5486,0
0,2001,1,2,5486,5486,0
0,1999,1,1,5486,5486,0
1,2002,1,0,5489,5489,0
1,2002,1,2,5489,5489,0
6,1996,1,1,5524,5524,0
1,2002,1,2,5544,5544,0
3,1030,1,2,5544,5544,0
1,1030,1,0,5545,5545,0
1,1030,1,2,5545,5545,0
0,2001,1,0,5545,5545,0
1,2002,1,2,5548,5548,0
0,2001,1,2,5548,5548,0
0,1999,1,1,5550,5550,0
1,2002,1,0,5557,5557,0
6,1996,1,1,5591,5591,0
0,2001,1,0,5608,5608,0
3,1030,1,0,5608,5608,0
0,2001,1,0,5611,5611,0
3,1030,1,0,5611,5611,0
0,2001,1,0,5613,5613,0
3,1030,1,0,5613,5613,0
0,2001,1,0,5632,5632,0
3,1030,1,2,5632,5632,0
0,2001,1,2,5632,5632,0
3,1030,1,2,5633,5633,0
0,1999,1,1,5633,5633,0
1,2002,1,2,5635,5635,0
1,2002,1,0,5637,5637,0
6,1996,1,1,5642,5642,0
0,2001,1,0,5665,5665,0
3,1030,1,0,5667,5667,0
0,2001,1,0,5670,5670,0
3,1030,1,0,5670,5670,0
0,2001,1,0,5672,5672,0
3,1030,1,0,5672,5672,0
3,1030,1,2,5673,5673,0
0,2001,1,0,5676,5676,0
0,2001,1,2,5676,5677,0
1,2002,1,2,5677,5677,0
3,1030,1,2,5677,5677,0
0,1999,1,1,5677,5677,0
1,2002,1,0,5691,5691,0
6,1996,1,1,5695,5695,0
1,2002,1,2,5716,5716,0
1,1030,1,0,5716,5716,0
1,1030,1,2,5716,5716,0
1,2002,1,0,5719,5719,0
1,1030,1,0,5719,5719,0
1,1030,1,2,5719,5719,0
1,2002,1,2,5719,5719,0
0,2001,1,0,5720,5720,0
0,2001,1,2,5720,5720,0
0,1999,1,1,5721,5721,0
1,2002,1,0,5723,5723,0
6,1996,1,1,5737,5737,0
1,2002,1,2,5760,5761,0
0,2001,1,0,5763,5763,0
0,2001,1,2,5763,5763,0
0,1999,1,1,5763,5763,0
1,2002,1,0,5764,5764,0
6,1996,1,1,5769,5769,0
1,2002,1,2,5793,5793,0
0,2001,1,0,5795,5795,0
0,2001,1,2,5795,5795,0
0,1999,1,1,5795,5795,0
1,2002,1,0,5798,5798,0
6,1996,1,1,5805,5805,0
1,2002,1,2,5828,5829,0
0,2001,1,0,5829,5829,0
1,1030,1,0,5829,5829,0
1,1030,1,2,5829,5829,0
0,2001,1,2,5829,5829,0
0,1999,1,1,5830,5830,0
1,2002,1,2,5832,5832,0
1,2002,1,0,5841,5841,0
6,1996,1,1,5871,5871,0
1,2002,1,2,5890,5890,0
1,1030,1,0,5891,5891,0
1,1030,1,2,5891,5891,0
0,2001,1,0,5891,5891,0
3,1030,1,0,5893,5893,0
1,2002,1,2,5893,5894,0
3,1030,1,0,5895,5895,0
0,2001,1,0,5895,5895,0
0,2001,1,2,5898,5898,0
0,1999,1,1,5898,5898,0
1,2002,1,0,5931,5931,0
6,1996,1,1,5943,5943,0
0,2001,1,0,5967,5967,0
0,2001,1,2,5967,5967,0
3,1030,1,2,5968,5968,0
0,2001,1,2,5971,5971,0
0,1999,1,1,5971,5971,0
1,2002,1,2,5972,5972,0
1,2002,1,0,5984,5984,0
6,1996,1,1,6026,6026,0
0,2001,1,0,6053,6053,0
0,2001,1,2,6053,6053,0
3,1030,1,2,6054,6054,0
3,1030,1,2,6054,6054,0
0,2001,1,2,6056,6056,0
0,1999,1,1,6056,6056,0
1,2002,1,2,6057,6057,0
1,2002,1,0,6076,6076,0
6,1996,1,1,6083,6083,0
1,2002,1,2,6107,6107,0
1,1030,1,0,6108,6108,0
1,1030,1,2,6108,6108,0
1,2002,1,0,6108,6108,0
0,2001,1,0,6109,6109,0
0,2001,1,2,6110,6110,0
1,2002,1,2,6112,6112,0
0,1999,1,1,6127,6127,0
6,1996,1,1,6138,6138,0
0,2001,1,0,6163,6163,0
0,2001,1,2,6163,6163,0
1,2002,1,2,6163,6163,0
1,2002,1,0,6164,6164,0
0,1999,1,1,6164,6164,0
6,1996,1,1,6172,6172,0
1,2002,1,2,6195,6195,0
3,1030,1,2,6196,6196,0
0,2001,1,0,6197,6197,0
0,2001,1,2,6197,6197,0
0,1999,1,1,6198,6198,0
1,2002,1,0,6203,6203,0
6,1996,1,1,6208,6208,0
1,2002,1,2,6232,6232,0
0,2001,1,0,6233,6233,0
0,2001,1,2,6234,6234,0
0,1999,1,1,6234,6234,0
1,2002,1,0,6234,6234,0
6,1996,1,1,6238,6238,0
1,2002,1,2,6262,6262,0
0,2001,1,0,6264,6264,0
0,2001,1,2,6265,6265,0
0,1999,1,1,6265,6265,0
1,2002,1,0,6265,6265,0
6,1996,1,1,6269,6269,0
1,2002,1,2,6293,6293,0
0,2001,1,0,6295,6295,0
0,2001,1,2,6295,6295,0
0,1999,1,1,6295,6295,0
1,2002,1,0,6296,6296,0
6,1996,1,1,6299,6299,0
1,2002,1,2,6324,6324,0
0,2001,1,0,6325,6325,0
0,2001,1,2,6325,6325,0
0,1999,1,1,6325,6325,0
1,2002,1,0,6326,6326,0
6,1996,1,1,6330,6330,0
1,2002,1,2,6355,6355,0
0,2001,1,0,6356,6356,0
0,2001,1,2,6356,6356,0
0,1999,1,1,6356,6356,0
1,2002,1,0,6357,6357,0
6,1996,1,1,6361,6361,0
1,2002,1,2,6386,6386,0
0,2001,1,0,6387,6387,0
0,2001,1,2,6387,6387,0
0,1999,1,1,6387,6387,0
1,2002,1,0,6388,6388,0
6,1996,1,1,6392,6392,0
1,2002,1,2,6416,6416,0
0,2001,1,0,6418,6418,0
0,2001,1,2,6418,6418,0
0,1999,1,1,6418,6418,0
1,2002,1,0,6419,6419,0
6,1996,1,1,6422,6422,0
1,2002,1,2,6446,6447,0
0,2001,1,0,6448,6448,0
0,2001,1,2,6448,6448,0
0,1999,1,1,6448,6448,0
1,2002,1,0,6449,6449,0
6,1996,1,1,6453,6453,0
1,2002,1,2,6477,6477,0
0,2001,1,0,6478,6478,0
0,2001,1,2,6478,6478,0
0,1999,1,1,6479,6479,0
1,2002,1,0,6479,6479,0
6,1996,1,1,6484,6484,0
1,2002,1,2,6508,6508,0
0,2001,1,0,6510,6510,0
0,2001,1,2,6510,6510,0
0,1999,1,1,6510,6510,0
1,2002,1,0,6510,6510,0
6,1996,1,1,6514,6514,0
1,2002,1,0,6539,6539,0
1,2002,1,2,6539,6539,0
0,2001,1,0,6540,6540,0
0,2001,1,2,6541,6541,0
0,1999,1,1,6551,6551,0
6,1996,1,1,6557,6557,0
1,2002,1,0,6579,6579,0
1,1030,1,0,6579,6579,0
1,1030,1,2,6579,6579,0
0,2001,1,0,6580,6580,0
1,2002,1,2,6581,6581,0
0,2001,1,2,6600,6600,0
1,2002,1,0,6602,6602,0
0,1999,1,1,6602,6602,0
6,1996,1,1,6607,6607,0
0,2001,1,0,6631,6631,0
3,1030,1,0,6631,6631,0
1,2002,1,2,6632,6632,0
3,1030,1,0,6633,6633,0
0,2001,1,0,6634,6634,0
3,1030,1,0,6634,6634,0
0,2001,1,0,6636,6636,0
1,2002,1,0,6636,6636,0
0,2001,1,2,6636,6636,0
0,1999,1,1,6637,6637,0
6,1996,1,1,6661,6661,0
1,2002,1,2,6688,6688,0
3,1030,1,0,6688,6688,0
0,2001,1,0,6689,6689,0
0,2001,1,2,6689,6689,0
0,1999,1,1,6689,6689,0
1,2002,1,0,6690,6690,0
6,1996,1,1,6702,6702,0
0,2001,1,0,6730,6730,0
0,2001,1,2,6730,6730,0
1,2002,1,0,6730,6730,0
0,1999,1,1,6730,6730,0
1,2002,1,2,6731,6731,0
6,1996,1,1,6749,6749,0
0,2001,1,0,6777,6777,0
0,2001,1,2,6777,6777,0
0,1999,1,1,6777,6777,0
1,2002,1,2,6778,6778,0
1,2002,1,0,6793,6793,0
6,1996,1,1,6812,6812,0
3,1030,1,2,6827,6827,0
1,2002,1,2,6839,6839,0
0,2001,1,0,6840,6840,0
0,2001,1,2,6840,6840,0
0,1999,1,1,6840,6840,0
1,2002,1,0,6842,6842,0
6,1996,1,1,6871,6871,0
1,2002,1,2,6896,6896,0
0,2001,1,0,6897,6897,0
3,1030,1,2,6896,6897,1
0,2001,1,2,6897,6897,0
1,1030,1,0,6898,6898,0
1,1030,1,2,6898,6898,0
1,2002,1,0,6898,6898,0
0,1999,1,1,6903,6903,0
1,2002,1,2,6913,6913,0
6,1996,1,1,6927,6927,0
0,2001,1,0,6953,6953,0
3,1030,1,0,6953,6953,0
1,2002,1,2,6954,6955,1
1,2002,1,0,6955,6955,0
0,2001,1,0,6956,6956,0
0,2001,1,2,6956,6956,0
0,1999,1,1,6956,6956,0
6,1996,1,1,6959,6959,0
3,1030,1,2,6975,6975,0
3,1030,1,2,6979,6979,0
1,2002,1,0,6981,6982,0
1,1030,1,0,6982,6982,0
1,1030,1,2,6982,6982,0
1,2002,1,2,6982,6982,0
1,2002,1,0,6984,6984,0
0,2001,1,0,6985,6985,0
0,2001,1,2,6985,6985,0
0,1999,1,1,6995,6995,0
6,1996,1,1,7007,7007,0
1,2002,1,2,7029,7029,0
1,1030,1,0,7029,7029,0
1,1030,1,2,7029,7029,0
0,2001,1,0,7030,7030,0
0,2001,1,2,7039,7039,0
1,2002,1,0,7039,7039,0
0,1999,1,1,7040,7040,0
1,2002,1,2,7045,7045,0
6,1996,1,1,7066,7066,0
0,2001,1,0,7089,7089,0
0,2001,1,2,7090,7090,0
3,1030,1,2,7092,7092,0
3,1030,1,2,7092,7092,0
3,1030,1,2,7093,7093,0
0,2001,1,2,7095,7095,0
0,1999,1,1,7095,7095,0
1,2002,1,0,7098,7098,0
1,2002,1,2,7114,7114,0
6,1996,1,1,7118,7118,0
0,2001,1,0,7150,7150,0
1,2002,1,2,7151,7151,0
1,2002,1,0,7151,7151,0
0,2001,1,2,7151,7151,0
0,1999,1,1,7152,7152,0
6,1996,1,1,7167,7167,0
0,2001,1,0,7193,7193,0
0,2001,1,2,7193,7193,0
3,1030,1,2,7194,7194,0
0,2001,1,2,7195,7195,0
3,1030,1,2,7196,7196,0
3,1030,1,2,7197,7197,0
1,2002,1,2,7197,7197,0
0,2001,1,2,7198,7198,0
0,1999,1,1,7199,7199,0
1,2002,1,0,7207,7207,0
6,1996,1,1,7227,7227,0
1,2002,1,2,7228,7228,0
1,1030,1,0,7228,7228,0
1,1030,1,2,7228,7228,0
1,2002,1,2,7231,7231,0
1,1030,1,0,7232,7232,0
1,1030,1,2,7232,7232,0
1,2002,1,2,7234,7234,0
1,1030,1,0,7235,7235,0
1,1030,1,2,7235,7235,0
1,2002,1,2,7237,7237,0
1,1030,1,0,7238,7238,0
1,1030,1,2,7238,7238,0
1,2002,1,2,7241,7241,0
1,1030,1,0,7241,7241,0
1,1030,1,2,7241,7241,0
1,2002,1,2,7245,7245,0
3,1030,1,0,7245,7245,0
0,2001,1,0,7246,7246,0
3,1030,1,0,7246,7246,0
3,1030,1,0,7248,7248,0
0,2001,1,0,7248,7248,0
0,2001,1,2,7249,7249,0
0,1999,1,1,7249,7249,0
1,2002,1,0,7249,7249,0
6,1996,1,1,7254,7254,0
0,2001,1,0,7274,7274,0
3,1030,1,0,7275,7275,0
3,1030,1,2,7277,7277,0
0,2001,1,0,7277,7277,0
1,2002,1,2,7280,7280,0
0,2001,1,2,7280,7280,0
0,1999,1,1,7280,7280,0
1,2002,1,0,7304,7304,0
6,1996,1,1,7309,7309,0
0,2001,1,0,7332,7332,0
0,2001,1,0,7333,7333,0
3,1030,1,0,7333,7333,0
3,1030,1,0,7334,7334,0
0,2001,1,0,7336,7336,0
3,1030,1,0,7336,7336,0
0,2001,1,0,7338,7338,0
3,1030,1,2,7343,7343,0
0,2001,1,2,7343,7343,0
3,1030,1,2,7344,7344,0
0,2001,1,2,7346,7347,0
1,2002,1,0,7347,7347,0
0,1999,1,1,7347,7347,0
1,2002,1,2,7348,7348,0
6,1996,1,1,7364,7364,0
1,2002,1,2,7394,7394,0
3,1030,1,0,7395,7395,0
0,2001,1,0,7395,7395,0
0,2001,1,2,7396,7396,0
1,2002,1,0,7399,7399,0
0,1999,1,1,7399,7399,0
6,1996,1,1,7416,7416,0
3,1030,1,2,7434,7434,0
1,2002,1,2,7437,7437,0
1,1030,1,0,7438,7438,0
1,1030,1,2,7438,7438,0
1,2002,1,2,7439,7439,0
1,1030,1,0,7440,7440,0
1,1030,1,2,7440,7440,0
1,2002,1,2,7442,7442,0
0,2001,1,0,7443,7443,0
0,2001,1,2,7455,7455,0
1,2002,1,0,7480,7480,0
0,1999,1,1,7480,7480,0
6,1996,1,1,7496,7496,0
3,1030,1,2,7516,7516,0
1,2002,1,0,7517,7517,0
1,1030,1,0,7518,7518,0
1,1030,1,2,7518,7518,0
0,2001,1,0,7538,7538,0
1,2002,1,2,7538,7538,0
1,2002,1,0,7538,7538,0
0,2001,1,2,7539,7539,0
0,1999,1,1,7539,7539,0
6,1996,1,1,7545,7545,0
3,1030,1,2,7577,7577,0
0,2001,1,0,7579,7579,0
0,2001,1,2,7580,7580,0
3,1030,1,2,7580,7580,0
0,1999,1,1,7580,7580,0
1,2002,1,2,7582,7582,0
1,2002,1,0,7585,7585,0
6,1996,1,1,7588,7588,0
1,2002,1,2,7606,7606,0
1,1030,1,0,7607,7607,0
1,1030,1,2,7607,7607,0
1,2002,1,2,7610,7610,0
1,1030,1,0,7610,7610,0
1,1030,1,2,7610,7610,0
0,2001,1,0,7610,7610,0
3,1030,1,0,7610,7610,0
0,2001,1,0,7612,7612,0
0,2001,1,2,7613,7613,0
0,1999,1,1,7628,7628,0
1,2002,1,0,7628,7628,0
1,2002,1,2,7630,7630,0
6,1996,1,1,7653,7653,0
0,2001,1,0,7676,7676,0
0,2001,1,2,7676,7676,0
1,2002,1,2,7676,7676,0
0,1999,1,1,7676,7677,0
1,2002,1,0,7678,7678,0
6,1996,1,1,7681,7681,0
1,2002,1,2,7704,7704,0
0,2001,1,0,7705,7705,0
0,2001,1,2,7705,7705,0
0,1999,1,1,7705,7705,0
1,2002,1,0,7706,7706,0
6,1996,1,1,7710,7710,0
1,2002,1,2,7732,7732,0
0,2001,1,0,7734,7734,0
0,2001,1,2,7734,7734,0
0,1999,1,1,7734,7734,0
1,2002,1,0,7735,7735,0
6,1996,1,1,7738,7738,0
1,2002,1,2,7761,7761,0
0,2001,1,0,7762,7762,0
0,2001,1,2,7762,7762,0
0,1999,1,1,7762,7762,0
1,2002,1,0,7763,7763,0
6,1996,1,1,7766,7766,0
1,2002,1,2,7789,7789,0
0,2001,1,0,7790,7790,0
0,2001,1,2,7790,7790,0
0,1999,1,1,7790,7790,0
1,2002,1,0,7792,7792,0
6,1996,1,1,7795,7795,0
1,2002,1,2,7818,7818,0
0,2001,1,0,7819,7819,0
0,2001,1,2,7819,7819,0
0,1999,1,1,7819,7819,0
1,2002,1,0,7820,7820,0
6,1996,1,1,7824,7824,0
1,2002,1,2,7847,7847,0
0,2001,1,0,7847,7847,0
0,2001,1,2,7848,7848,0
0,1999,1,1,7848,7848,0
1,2002,1,0,7849,7849,0
6,1996,1,1,7852,7852,0
1,2002,1,2,7875,7875,0
0,2001,1,0,7876,7876,0
0,2001,1,2,7876,7876,0
0,1999,1,1,7877,7877,0
1,2002,1,0,7878,7878,0
6,1996,1,1,7881,7881,0
1,2002,1,2,7904,7904,0
3,1030,1,0,7904,7904,0
0,2001,1,0,7905,7905,0
0,2001,1,2,7905,7905,0
1,2002,1,0,7923,7923,0
0,1999,1,1,7924,7924,0
6,1996,1,1,7926,7926,0
3,1030,1,2,7949,7949,0
3,1030,1,2,7952,7952,0
3,1030,1,2,7955,7955,0
3,1030,1,2,7958,7958,0
1,2002,1,2,7958,7958,0
1,1030,1,0,7959,7959,0
1,1030,1,2,7959,7959,0
1,2002,1,2,7963,7963,0
1,1030,1,0,7963,7963,0
1,1030,1,2,7963,7963,0
1,2002,1,0,7963,7963,0
0,2001,1,0,7964,7964,0
0,2001,1,2,7964,7964,0
0,1999,1,1,7979,7979,0
1,2002,1,2,7982,7982,0
6,1996,1,1,7986,7986,0
1,2002,1,2,8015,8015,0
3,1030,1,0,8015,8015,0
0,2001,1,0,8016,8016,0
0,2001,1,2,8016,8016,0
1,2002,1,0,8016,8016,0
0,1999,1,1,8016,8016,0
6,1996,1,1,8024,8024,0
0,2001,1,0,8049,8049,0
3,1030,1,0,8049,8049,0
1,2002,1,2,8050,8050,0
1,2002,1,0,8051,8051,0
0,2001,1,0,8052,8052,0
0,2001,1,2,8052,8052,0
0,1999,1,1,8052,8052,0
6,1996,1,1,8055,8055,0
0,2001,1,0,8077,8077,0
3,1030,1,0,8078,8078,0
1,2002,1,2,8079,8079,0
0,2001,1,0,8080,8080,0
0,2001,1,2,8080,8080,0
1,2002,1,0,8080,8080,0
0,1999,1,1,8080,8080,0
6,1996,1,1,8084,8084,0
1,2002,1,2,8108,8108,0
0,2001,1,0,8109,8109,0
0,2001,1,2,8109,8109,0
1,2002,1,0,8109,8109,0
0,1999,1,1,8109,8109,0
6,1996,1,1,8113,8113,0
1,2002,1,2,8136,8136,0
0,2001,1,0,8137,8137,0
0,2001,1,2,8137,8137,0
0,1999,1,1,8137,8137,0
1,2002,1,0,8137,8137,0
6,1996,1,1,8164,8164,0
0,2001,1,0,8188,8188,0
1,2002,1,2,8188,8188,0
0,2001,1,2,8189,8189,0
1,2002,1,0,8189,8189,0
0,1999,1,1,8189,8189,0
6,1996,1,1,8193,8193,0
0,2001,1,0,8217,8218,0
1,2002,1,2,8218,8218,0
0,2001,1,2,8218,8218,0
0,1999,1,1,8218,8218,0
1,2002,1,0,8218,8218,0
6,1996,1,1,8223,8223,0
0,2001,1,0,8247,8247,0
0,2001,1,2,8247,8247,0
1,2002,1,0,8247,8247,0
0,1999,1,1,8247,8247,0
1,2002,1,2,8248,8248,0
6,1996,1,1,8252,8252,0
0,2001,1,0,8275,8275,0
1,2002,1,2,8276,8276,0
0,2001,1,2,8276,8276,0
1,2002,1,0,8276,8276,0
0,1999,1,1,8276,8276,0
6,1996,1,1,8280,8280,0
0,2001,1,0,8304,8304,0
1,2002,1,2,8305,8305,0
0,2001,1,2,8305,8305,0
0,1999,1,1,8305,8305,0
1,2002,1,0,8305,8305,0
6,1996,1,1,8308,8308,0
0,2001,1,0,8333,8333,0
0,2001,1,2,8333,8333,0
1,2002,1,0,8333,8333,0
0,1999,1,1,8333,8333,0
1,2002,1,2,8334,8334,0
6,1996,1,1,8340,8340,0
0,2001,1,0,8364,8364,0
0,2001,1,2,8364,8364,0
0,1999,1,1,8365,8365,0
1,2002,1,0,8365,8365,0
1,2002,1,2,8365,8365,0
6,1996,1,1,8370,8370,0
0,2001,1,0,8393,8393,0
0,2001,1,2,8393,8393,0
0,1999,1,1,8393,8393,0
1,2002,1,2,8393,8393,0
1,2002,1,0,8394,8394,0
6,1996,1,1,8398,8398,0
0,2001,1,0,8422,8422,0
0,2001,1,2,8423,8423,0
0,1999,1,1,8423,8423,0
1,2002,1,0,8423,8423,0
1,2002,1,2,8423,8423,0
6,1996,1,1,8429,8429,0
0,2001,1,0,8453,8453,0
0,2001,1,2,8453,8453,0
0,1999,1,1,8454,8454,0
1,2002,1,0,8454,8454,0
1,2002,1,2,8454,8455,0
6,1996,1,1,8460,8460,0
0,2001,1,0,8484,8484,0
0,2001,1,2,8484,8484,0
0,1999,1,1,8484,8484,0
1,2002,1,0,8484,8484,0
1,2002,1,2,8484,8484,0
6,1996,1,1,8490,8490,0
0,2001,1,0,8514,8514,0
3,1030,1,0,8514,8514,0
1,2002,1,2,8514,8515,0
0,2001,1,0,8516,8516,0
3,1030,1,0,8516,8519,3
1,2002,1,0,8521,8521,0
0,2001,1,2,8531,8531,0
0,1999,1,1,8532,8532,0
6,1996,1,1,8567,8567,0
1,2002,1,2,8592,8592,0
1,1030,1,0,8603,8603,0
1,1030,1,2,8603,8603,0
1,2002,1,0,8603,8603,0
0,2001,1,0,8603,8603,0
0,2001,1,2,8604,8604,0
1,2002,1,2,8631,8631,0
0,1999,1,1,8631,8631,0
6,1996,1,1,8680,8680,0
3,1030,1,2,8710,8710,0
3,1030,1,2,8714,8714,0
3,1030,1,2,8715,8715,0
0,2001,1,0,8716,8716,0
0,2001,1,2,8716,8716,0
3,1030,1,2,8719,8719,0
0,1999,1,1,8720,8720,0
1,2002,1,2,8736,8736,0
1,2002,1,0,8736,8736,0
6,1996,1,1,8758,8758,0
0,2001,1,0,8782,8782,0
3,1030,1,0,8783,8783,0
0,2001,1,0,8785,8785,0
3,1030,1,0,8785,8785,0
0,2001,1,0,8787,8787,0
0,2001,1,2,8787,8787,0
3,1030,1,2,8789,8789,0
0,2001,1,2,8791,8791,0
0,1999,1,1,8791,8791,0
1,2002,1,0,8794,8794,0
1,2002,1,2,8795,8795,0
6,1996,1,1,8820,8820,0
1,2002,1,2,8844,8844,0
1,1030,1,0,8844,8844,0
1,1030,1,2,8844,8844,0
0,2001,1,0,8851,8851,0
0,2001,1,2,8851,8851,0
1,2002,1,2,8859,8859,0
0,1999,1,1,8875,8875,0
1,2002,1,0,8887,8887,0
6,1996,1,1,8936,8936,0
1,2002,1,2,8967,8967,0
1,1030,1,0,8967,8967,0
1,1030,1,2,8967,8967,0
1,2002,1,0,8971,8971,0
1,1030,1,0,8971,8971,0
1,1030,1,2,8971,8971,0
0,2001,1,0,8973,8973,0
0,2001,1,2,8973,8973,0
0,1999,1,1,8973,8973,0
1,2002,1,0,8974,8974,0
1,2002,1,2,8975,8975,0
6,1996,1,1,8980,8980,0
0,2001,1,0,9010,9010,0
3,1030,1,0,9010,9010,0
3,1030,1,2,9011,9011,0
0,2001,1,0,9013,9013,0
0,2001,1,2,9013,9013,0
0,1999,1,1,9014,9014,0
1,2002,1,2,9023,9023,0
1,2002,1,0,9023,9023,0
6,1996,1,1,9047,9047,0
1,2002,1,2,9073,9074,0
1,1030,1,0,9074,9074,0
1,1030,1,2,9074,9074,0
0,2001,1,0,9076,9076,0
1,2002,1,2,9079,9079,0
3,1030,1,0,9079,9079,0
1,2002,1,0,9079,9079,0
0,2001,1,0,9081,9081,0
0,2001,1,2,9084,9084,0
0,1999,1,1,9084,9084,0
6,1996,1,1,9088,9088,0
1,2002,1,2,9113,9113,0
1,1030,1,0,9114,9114,0
1,1030,1,2,9114,9114,0
0,2001,1,0,9116,9116,0
3,1030,1,0,9119,9119,0
1,2002,1,0,9120,9120,0
1,2002,1,2,9120,9120,0
0,2001,1,0,9123,9123,0
0,2001,1,2,9123,9123,0
0,1999,1,1,9123,9123,0
6,1996,1,1,9127,9127,0
0,2001,1,0,9158,9158,0
1,2002,1,2,9165,9165,0
0,2001,1,2,9165,9165,0
0,1999,1,1,9165,9165,0
3,1030,1,2,9165,9165,0
1,2002,1,0,9168,9168,0
6,1996,1,1,9208,9208,0
0,2001,1,0,9239,9239,0
3,1030,1,0,9239,9239,0
0,2001,1,0,9243,9243,0
3,1030,1,0,9243,9243,0
0,2001,1,0,9246,9246,0
0,2001,1,2,9247,9247,0
3,1030,1,2,9248,9248,0
3,1030,1,2,9249,9249,0
0,2001,1,2,9250,9250,0
3,1030,1,2,9251,9251,0
3,1030,1,2,9253,9253,0
1,2002,1,2,9253,9253,0
0,2001,1,2,9253,9253,0
0,1999,1,1,9253,9253,0
1,2002,1,0,9256,9256,0
6,1996,1,1,9260,9260,0
1,2002,1,0,9290,9290,0
1,1030,1,0,9290,9290,0
1,1030,1,2,9290,9290,0
0,2001,1,0,9298,9298,0
1,2002,1,0,9298,9298,0
0,2001,1,2,9298,9298,0
1,2002,1,2,9298,9298,0
0,1999,1,1,9298,9298,0
6,1996,1,1,9302,9302,0
1,2002,1,2,9318,9318,0
1,1030,1,0,9318,9318,0
1,1030,1,2,9318,9318,0
1,2002,1,2,9335,9335,0
0,2001,1,0,9335,9335,0
0,2001,1,2,9335,9335,0
1,1030,1,0,9335,9335,0
1,1030,1,2,9335,9336,0
1,2002,1,0,9336,9336,0
0,1999,1,1,9336,9336,0
1,2002,1,2,9338,9338,0
6,1996,1,1,9366,9366,0
1,2002,1,2,9387,9387,0
1,1030,1,0,9388,9388,0
1,1030,1,2,9388,9388,0
1,2002,1,2,9389,9390,0
1,1030,1,0,9390,9390,0
1,1030,1,2,9390,9390,0
1,2002,1,2,9393,9393,0
0,2001,1,0,9395,9395,0
3,1030,1,0,9395,9395,0
1,2002,1,0,9396,9396,0
0,2001,1,0,9398,9398,0
0,2001,1,2,9398,9399,0
0,1999,1,1,9399,9399,0
6,1996,1,1,9439,9440,0
1,2002,1,2,9465,9465,0
1,1030,1,0,9465,9465,0
1,1030,1,2,9465,9465,0
1,2002,1,2,9468,9468,0
0,2001,1,0,9469,9469,0
0,2001,1,2,9476,9476,0
1,2002,1,0,9476,9476,0
0,1999,1,1,9476,9476,0
6,1996,1,1,9479,9479,0
1,2002,1,2,9506,9506,0
0,2001,1,0,9508,9508,0
1,2002,1,0,9509,9509,0
0,2001,1,2,9509,9509,0
0,1999,1,1,9509,9509,0
6,1996,1,1,9512,9512,0
1,2002,1,0,9539,9539,0
1,2002,1,2,9540,9540,0
0,2001,1,0,9542,9542,0
0,2001,1,2,9542,9542,0
0,1999,1,1,9543,9543,0
6,1996,1,1,9545,9545,0
3,1030,1,2,9570,9570,0
1,2002,1,2,9572,9572,0
1,2002,1,0,9572,9572,0
0,2001,1,0,9575,9575,0
0,2001,1,2,9575,9575,0
0,1999,1,1,9576,9576,0
6,1996,1,1,9596,9596,0
0,2001,1,0,9626,9626,0
3,1030,1,0,9626,9626,0
1,2002,1,2,9628,9628,0
3,1030,1,2,9628,9628,0
0,2001,1,0,9629,9629,0
1,2002,1,0,9638,9638,0
0,2001,1,2,9638,9638,0
0,1999,1,1,9639,9639,0
6,1996,1,1,9657,9657,0
0,2001,1,0,9689,9689,0
1,2002,1,2,9702,9702,0
0,2001,1,2,9702,9702,0
1,2002,1,0,9703,9703,0
0,1999,1,1,9703,9703,0
6,1996,1,1,9715,9715,0
1,2002,1,2,9733,9733,0
1,1030,1,0,9734,9734,0
0,2001,1,0,9739,9739,0
1,1030,1,2,9734,9739,4
3,1030,1,0,9740,9740,0
0,2001,1,0,9742,9742,0
0,2001,1,2,9742,9742,0
0,1999,1,1,9742,9742,0
1,2002,1,0,9755,9755,0
1,2002,1,2,9755,9755,0
6,1996,1,1,9780,9780,0
1,2002,1,2,9801,9801,0
1,1030,1,0,9801,9801,0
1,1030,1,2,9801,9801,0
1,2002,1,2,9804,9804,0
1,2002,1,0,9805,9805,0
0,2001,1,0,9805,9805,0
0,2001,1,2,9809,9809,0
0,1999,1,1,9809,9809,0
6,1996,1,1,9812,9812,0
1,2002,1,2,9834,9834,0
0,2001,1,0,9835,9835,0
0,2001,1,2,9835,9835,0
0,1999,1,1,9835,9835,0
1,1030,1,0,9843,9843,0
1,1030,1,2,9843,9843,0
1,2002,1,0,9843,9843,0
1,2002,1,2,9846,9846,0
6,1996,1,1,9849,9849,0
0,2001,1,0,9872,9872,0
3,1030,1,0,9872,9872,0
0,2001,1,0,9874,9874,0
1,2002,1,0,9874,9874,0
0,2001,1,2,9875,9875,0
1,2002,1,2,9875,9875,0
0,1999,1,1,9875,9875,0
6,1996,1,1,9878,9878,0
1,2002,1,2,9902,9902,0
3,1030,1,2,9902,9902,0
0,2001,1,0,9903,9903,0
0,2001,1,2,9903,9903,0
0,1999,1,1,9903,9903,0
1,2002,1,0,9905,9905,0
6,1996,1,1,9917,9917,0
1,2002,1,2,9939,9939,0
0,2001,1,0,9941,9941,0
0,2001,1,2,9941,9941,0
0,1999,1,1,9942,9942,0
1,2002,1,0,9942,9942,0
6,1996,1,1,9945,9945,0
1,2002,1,2,9967,9967,0
0,2001,1,0,9969,9969,0
0,2001,1,2,9969,9969,0
0,1999,1,1,9970,9970,0
1,2002,1,0,9970,9970,0
6,1996,1,1,9973,9973,0
1,2002,1,2,9996,9996,0
0,2001,1,0,9997,9997,0
0,2001,1,2,9998,9998,0
1,2002,1,0,9998,9998,0
0,1999,1,1,9998,9998,0
6,1996,1,1,10002,10002,0
1,2002,1,2,10024,10024,0
0,2001,1,0,10024,10024,0
1,1030,1,0,10024,10024,0
0,2001,1,2,10024,10025,0
0,1999,1,1,10025,10025,0
1,1030,1,2,10024,10025,0
1,2002,1,0,10029,10030,1
1,2002,1,2,10031,10031,0
6,1996,1,1,10034,10034,0
0,2001,1,0,10056,10056,0
3,1030,1,0,10056,10056,0
3,1030,1,2,10057,10057,0
0,2001,1,0,10058,10058,0
1,2002,1,2,10058,10058,0
0,2001,1,2,10058,10058,0
0,1999,1,1,10058,10058,0
1,2002,1,0,10060,10060,0
6,1996,1,1,10072,10072,0
1,2002,1,2,10093,10093,0
1,1030,1,0,10094,10094,0
1,1030,1,2,10094,10094,0
0,2001,1,0,10094,10094,0
1,2002,1,0,10095,10095,0
0,2001,1,2,10095,10095,0
1,2002,1,2,10109,10109,0
0,1999,1,1,10109,10109,0
6,1996,1,1,10131,10131,0
1,2002,1,0,10152,10152,0
1,2002,1,2,10153,10153,0
0,2001,1,0,10153,10153,0
0,2001,1,2,10153,10153,0
0,1999,1,1,10154,10154,0
6,1996,1,1,10156,10156,0
0,2001,1,0,10177,10177,0
1,2002,1,0,10181,10181,0
1,2002,1,2,10181,10181,0
3,1030,1,0,10181,10181,0
0,2001,1,0,10183,10183,0
0,2001,1,2,10183,10183,0
0,1999,1,1,10184,10184,0
6,1996,1,1,10187,10187,0
1,2002,1,2,10210,10210,0
3,1030,1,2,10210,10210,0
0,2001,1,0,10210,10210,0
0,2001,1,2,10211,10211,0
0,1999,1,1,10211,10211,0
1,2002,1,0,10213,10213,0
6,1996,1,1,10216,10216,0
0,2001,1,0,10241,10241,0
0,2001,1,2,10241,10241,0
3,1030,1,2,10241,10242,0
3,1030,1,2,10243,10243,0
3,1030,1,2,10245,10245,0
0,2001,1,2,10245,10245,0
0,1999,1,1,10245,10245,0
1,2002,1,0,10247,10247,0
1,2002,1,2,10248,10248,0
6,1996,1,1,10251,10251,0
0,2001,1,0,10277,10277,0
3,1030,1,0,10277,10277,0
1,2002,1,0,10277,10277,0
1,2002,1,2,10277,10277,0
0,2001,1,0,10293,10293,0
0,2001,1,2,10295,10295,0
0,1999,1,1,10296,10296,0
6,1996,1,1,10298,10298,0
1,2002,1,2,10320,10320,0
1,1030,1,0,10320,10320,0
1,1030,1,2,10320,10320,0
1,2002,1,0,10328,10328,0
1,1030,1,0,10328,10328,0
1,1030,1,2,10328,10328,0
1,2002,1,0,10330,10330,0
1,1030,1,0,10330,10330,0
1,1030,1,2,10330,10330,0
1,2002,1,0,10333,10333,0
1,1030,1,0,10333,10333,0
1,1030,1,2,10333,10333,0
1,2002,1,0,10336,10336,0
1,1030,1,0,10336,10336,0
1,1030,1,2,10336,10336,0
1,2002,1,0,10340,10340,0
1,1030,1,0,10340,10340,0
1,1030,1,2,10340,10340,0
1,2002,1,2,10340,10340,0
0,2001,1,0,10343,10343,0
1,2002,1,0,10343,10343,0
0,2001,1,2,10343,10343,0
0,1999,1,1,10344,10344,0
6,1996,1,1,10346,10346,0
0,2001,1,0,10363,10363,0
3,1030,1,0,10364,10364,0
0,2001,1,0,10367,10367,0
3,1030,1,0,10367,10367,0
0,2001,1,0,10370,10370,0
3,1030,1,0,10370,10370,0
0,2001,1,0,10373,10373,0
3,1030,1,0,10373,10373,0
0,2001,1,0,10376,10376,0
1,2002,1,2,10376,10376,0
1,2002,1,0,10376,10376,0
0,2001,1,2,10376,10376,0
0,1999,1,1,10376,10376,0
6,1996,1,1,10384,10384,0
0,2001,1,0,10411,10411,0
3,1030,1,0,10411,10411,0
3,1030,1,2,10413,10413,0
0,2001,1,0,10413,10413,0
0,2001,1,2,10413,10413,0
0,1999,1,1,10414,10414,0
1,2002,1,2,10414,10414,0
1,2002,1,0,10416,10416,0
6,1996,1,1,10428,10428,0
1,2002,1,2,10452,10452,0
1,1030,1,0,10452,10452,0
1,1030,1,2,10452,10452,0
0,2001,1,0,10458,10458,0
0,2001,1,2,10458,10458,0
0,1999,1,1,10458,10458,0
1,2002,1,0,10459,10459,0
1,2002,1,2,10466,10466,0
6,1996,1,1,10470,10470,0
0,2001,1,0,10497,10497,0
3,1030,1,0,10497,10497,0
1,2002,1,0,10498,10498,0
1,2002,1,2,10499,10500,0
0,2001,1,0,10510,10510,0
0,2001,1,2,10511,10511,0
0,1999,1,1,10511,10511,0
6,1996,1,1,10523,10523,0
3,1030,1,2,10556,10556,0
0,2001,1,0,10556,10556,0
0,2001,1,2,10556,10556,0
1,2002,1,2,10558,10558,0
0,1999,1,1,10558,10558,0
1,2002,1,0,10563,10563,0
6,1996,1,1,10579,10579,0
0,2001,1,0,10609,10609,0
3,1030,1,0,10609,10609,0
1,2002,1,2,10612,10612,0
3,1030,1,0,10613,10613,0
0,2001,1,0,10613,10613,0
1,2002,1,0,10613,10613,0
0,2001,1,2,10613,10613,0
0,1999,1,1,10613,10613,0
6,1996,1,1,10641,10641,0
1,2002,1,2,10668,10668,0
1,1030,1,0,10669,10669,0
1,1030,1,2,10669,10669,0
1,2002,1,0,10671,10671,0
1,2002,1,2,10673,10673,0
0,2001,1,0,10674,10674,0
0,2001,1,2,10674,10674,0
0,1999,1,1,10675,10675,0
6,1996,1,1,10678,10678,0
1,2002,1,2,10705,10705,0
3,1030,1,0,10706,10706,0
1,2002,1,0,10706,10706,0
0,2001,1,0,10708,10708,0
0,2001,1,2,10708,10708,0
0,1999,1,1,10709,10709,0
6,1996,1,1,10712,10712,0
1,2002,1,0,10740,10740,0
1,1030,1,0,10741,10741,0
1,1030,1,2,10741,10741,0
1,2002,1,2,10741,10741,0
1,1030,1,0,10742,10742,0
1,1030,1,2,10742,10742,0
1,2002,1,0,10743,10743,0
1,1030,1,0,10743,10743,0
1,1030,1,2,10743,10743,0
1,2002,1,0,10746,10746,0
1,1030,1,0,10747,10747,0
1,1030,1,2,10747,10747,0
1,2002,1,2,10747,10747,0
1,1030,1,0,10748,10748,0
1,1030,1,2,10748,10748,0
0,2001,1,0,10748,10748,0
0,2001,1,2,10748,10748,0
0,1999,1,1,10748,10748,0
1,2002,1,0,10750,10752,1
1,2002,1,2,10752,10752,0
6,1996,1,1,10765,10767,1
0,2001,1,0,10788,10788,0
3,1030,1,0,10788,10788,0
1,2002,1,0,10798,10798,0
1,2002,1,2,10800,10800,0
0,2001,1,0,10803,10803,0
0,2001,1,2,10804,10804,0
0,1999,1,1,10815,10815,0
6,1996,1,1,10824,10824,0
0,2001,1,0,10841,10841,0
3,1030,1,0,10841,10841,0
0,2001,1,0,10843,10843,0
3,1030,1,0,10843,10843,0
0,2001,1,0,10845,10845,0
3,1030,1,0,10845,10845,0
0,2001,1,0,10846,10846,0
3,1030,1,0,10847,10847,0
0,2001,1,0,10849,10849,0
3,1030,1,0,10849,10849,0
0,2001,1,0,10851,10851,0
0,2001,1,2,10852,10852,0
3,1030,1,2,10852,10852,0
0,2001,1,2,10854,10854,0
1,2002,1,2,10871,10872,0
1,2002,1,0,10872,10872,0
0,1999,1,1,10872,10872,0
6,1996,1,1,10897,10897,0
3,1030,1,2,10919,10919,0
1,2002,1,2,10923,10923,0
3,1030,1,2,10923,10923,0
0,2001,1,0,10924,10924,0
0,2001,1,2,10924,10924,0
0,1999,1,1,10924,10924,0
1,2002,1,0,10935,10935,0
6,1996,1,1,10938,10938,0
1,2002,1,0,10962,10962,0
1,1030,1,0,10962,10962,0
1,1030,1,2,10962,10962,0
0,2001,1,0,10964,10964,0
1,2002,1,2,10964,10964,0
1,2002,1,0,10964,10964,0
0,2001,1,2,10964,10964,0
0,1999,1,1,10964,10964,0
6,1996,1,1,10968,10968,0
1,2002,1,0,10993,10993,0
0,2001,1,0,10994,10994,0
1,2002,1,2,10994,10994,0
0,2001,1,2,10994,10994,0
0,1999,1,1,10994,10994,0
6,1996,1,1,10998,10998,0
1,2002,1,0,11023,11023,0
0,2001,1,0,11024,11024,0
0,2001,1,2,11024,11024,0
1,2002,1,2,11025,11025,0
0,1999,1,1,11025,11025,0
6,1996,1,1,11029,11029,0
1,2002,1,0,11055,11055,0
0,2001,1,0,11055,11055,0
0,2001,1,2,11055,11055,0
1,2002,1,2,11055,11056,0
0,1999,1,1,11056,11056,0
6,1996,1,1,11060,11060,0
1,2002,1,0,11085,11085,0
0,2001,1,0,11085,11085,0
1,2002,1,2,11085,11085,0
0,2001,1,2,11085,11085,0
0,1999,1,1,11086,11086,0
6,1996,1,1,11091,11091,0
1,2002,1,0,11115,11115,0
0,2001,1,0,11116,11116,0
1,2002,1,2,11117,11117,0
0,2001,1,2,11117,11117,0
0,1999,1,1,11117,11117,0
6,1996,1,1,11121,11121,0
0,2001,1,0,11146,11146,0
1,2002,1,0,11147,11147,0
0,2001,1,2,11147,11147,0
0,1999,1,1,11147,11147,0
1,2002,1,2,11147,11147,0
6,1996,1,1,11151,11151,0
0,2001,1,0,11176,11176,0
0,2001,1,2,11176,11176,0
0,1999,1,1,11176,11176,0
1,2002,1,0,11177,11177,0
1,2002,1,2,11177,11177,0
6,1996,1,1,11182,11182,0
1,2002,1,2,11204,11204,0
0,2001,1,0,11205,11205,0
1,1030,1,0,11205,11205,0
1,1030,1,2,11205,11205,0
3,1030,1,0,11205,11205,0
1,2002,1,0,11205,11205,0
0,2001,1,0,11207,11207,0
0,2001,1,2,11207,11208,0
1,2002,1,2,11208,11208,0
0,1999,1,1,11208,11208,0
6,1996,1,1,11212,11212,0
1,2002,1,0,11235,11235,0
1,1030,1,0,11235,11235,0
1,1030,1,2,11235,11235,0
1,2002,1,2,11235,11235,0
1,2002,1,0,11237,11237,0
0,2001,1,0,11239,11239,0
0,2001,1,2,11239,11239,0
0,1999,1,1,11240,11240,0
6,1996,1,1,11259,11259,0
0,2001,1,0,11281,11281,0
3,1030,1,0,11281,11281,0
1,2002,1,0,11282,11282,0
0,2001,1,0,11283,11283,0
0,2001,1,2,11283,11283,0
0,1999,1,1,11284,11284,0
1,2002,1,2,11286,11286,0
6,1996,1,1,11290,11290,0
3,1030,1,2,11314,11314,0
0,2001,1,0,11315,11315,0
0,2001,1,2,11315,11315,0
3,1030,1,2,11315,11316,0
3,1030,1,2,11317,11317,0
0,2001,1,2,11318,11318,0
3,1030,1,2,11318,11318,0
0,2001,1,2,11321,11321,0
1,2002,1,0,11321,11321,0
1,2002,1,2,11321,11321,0
0,1999,1,1,11321,11321,0
6,1996,1,1,11323,11323,0
1,2002,1,2,11348,11348,0
1,1030,1,0,11349,11349,0
1,1030,1,2,11349,11349,0
0,2001,1,0,11351,11351,0
0,2001,1,2,11351,11351,0
1,2002,1,0,11351,11351,0
0,1999,1,1,11351,11351,0
1,2002,1,2,11366,11366,0
6,1996,1,1,11372,11372,0
1,2002,1,2,11388,11388,0
1,1030,1,0,11389,11389,0
1,1030,1,2,11389,11389,0
0,2001,1,0,11396,11396,0
3,1030,1,0,11397,11397,0
0,2001,1,0,11399,11399,0
3,1030,1,0,11399,11399,0
0,2001,1,0,11402,11402,0
3,1030,1,0,11402,11402,0
1,2002,1,2,11397,11402,5
3,1030,1,0,11403,11403,0
0,2001,1,0,11404,11404,0
0,2001,1,2,11404,11404,0
0,1999,1,1,11404,11404,0
1,2002,1,0,11406,11406,0
6,1996,1,1,11409,11409,0
1,2002,1,2,11429,11429,0
1,1030,1,0,11430,11430,0
1,1030,1,2,11430,11430,0
1,2002,1,2,11432,11432,0
1,1030,1,0,11432,11432,0
1,1030,1,2,11432,11432,0
1,2002,1,2,11436,11436,0
1,1030,1,0,11436,11436,0
1,1030,1,2,11436,11436,0
1,2002,1,2,11438,11438,0
1,1030,1,0,11438,11438,0
1,1030,1,2,11438,11438,0
1,2002,1,2,11441,11441,0
1,1030,1,0,11442,11442,0
1,1030,1,2,11442,11442,0
0,2001,1,0,11445,11445,0
3,1030,1,0,11445,11445,0
1,2002,1,0,11445,11445,0
1,2002,1,2,11445,11445,0
0,2001,1,0,11448,11448,0
0,2001,1,2,11448,11448,0
0,1999,1,1,11448,11448,0
6,1996,1,1,11483,11483,0
3,1030,1,2,11499,11499,0
3,1030,1,2,11502,11502,0
3,1030,1,2,11505,11505,0
0,2001,1,0,11508,11508,0
0,2001,1,2,11508,11508,0
1,2002,1,2,11514,11514,0
0,1999,1,1,11514,11514,0
3,1030,1,2,11514,11514,0
1,2002,1,0,11514,11514,0
6,1996,1,1,11528,11528,0
0,2001,1,0,11559,11559,0
1,2002,1,2,11559,11559,0
3,1030,1,0,11560,11560,0
0,2001,1,0,11562,11562,0
1,2002,1,0,11563,11563,0
3,1030,1,0,11563,11563,0
0,2001,1,2,11563,11563,0
0,1999,1,1,11563,11563,0
6,1996,1,1,11572,11572,0
3,1030,1,2,11596,11596,0
0,2001,1,0,11598,11598,0
0,2001,1,2,11608,11608,0
1,2002,1,2,11608,11608,0
0,1999,1,1,11608,11608,0
1,2002,1,0,11624,11624,0
6,1996,1,1,11638,11638,0
1,2002,1,2,11658,11658,0
1,1030,1,0,11659,11659,0
1,1030,1,2,11659,11659,0
0,2001,1,0,11661,11661,0
0,2001,1,2,11663,11663,0
0,1999,1,1,11663,11663,0
1,2002,1,0,11663,11663,0
1,2002,1,2,11663,11663,0
6,1996,1,1,11680,11680,0
3,1030,1,2,11698,11698,0
1,2002,1,0,11719,11719,0
1,2002,1,2,11719,11719,0
0,2001,1,0,11719,11719,0
0,2001,1,2,11720,11720,0
0,1999,1,1,11735,11735,0
6,1996,1,1,11760,11760,0
3,1030,1,2,11783,11783,0
0,2001,1,0,11785,11785,0
0,2001,1,2,11785,11785,0
3,1030,1,2,11786,11786,0
1,2002,1,2,11788,11788,0
0,1999,1,1,11788,11788,0
1,2002,1,0,11789,11789,0
6,1996,1,1,11795,11795,0
1,2002,1,2,11819,11819,0
0,2001,1,0,11819,11819,0
0,2001,1,2,11831,11831,0
1,2002,1,0,11832,11832,0
0,1999,1,1,11832,11832,0
6,1996,1,1,11840,11840,0
1,2002,1,2,11861,11861,0
1,1030,1,0,11861,11861,0
1,1030,1,2,11861,11861,0
0,2001,1,0,11861,11861,0
3,1030,1,0,11861,11861,0
0,2001,1,0,11863,11863,0
0,2001,1,2,11864,11864,0
0,1999,1,1,11864,11864,0
1,2002,1,2,11864,11864,0
1,2002,1,0,11866,11866,0
6,1996,1,1,11871,11871,0
1,2002,1,2,11889,11889,0
1,1030,1,0,11890,11890,0
1,1030,1,2,11890,11890,0
0,2001,1,0,11891,11891,0
1,2002,1,2,11892,11892,0
1,2002,1,0,11908,11908,0
0,2001,1,2,11908,11908,0
0,1999,1,1,11908,11908,0
6,1996,1,1,11927,11927,0
0,2001,1,0,11947,11947,0
3,1030,1,0,11951,11951,0
1,2002,1,2,11951,11951,0
1,2002,1,0,11951,11951,0
0,2001,1,0,11953,11953,0
0,2001,1,2,11953,11953,0
0,1999,1,1,11967,11967,0
6,1996,1,1,11978,11978,0
1,2002,1,2,11998,11998,0
1,1030,1,0,11999,11999,0
1,1030,1,2,11999,11999,0
1,2002,1,2,12000,12000,0
1,1030,1,0,12001,12001,0
1,1030,1,2,12001,12001,0
1,2002,1,0,12012,12012,0
0,2001,1,0,12012,12012,0
0,2001,1,2,12013,12013,0
0,1999,1,1,12013,12013,0
1,2002,1,2,12014,12014,0
6,1996,1,1,12039,12039,0
1,2002,1,2,12064,12064,0
0,2001,1,0,12065,12065,0
1,2002,1,0,12065,12066,0
0,2001,1,2,12066,12066,0
0,1999,1,1,12066,12066,0
6,1996,1,1,12094,12094,0
0,2001,1,0,12112,12112,0
1,2002,1,2,12121,12121,0
0,2001,1,2,12136,12136,0
1,2002,1,0,12145,12145,0
0,1999,1,1,12145,12145,0
6,1996,1,1,12151,12151,0
1,2002,1,2,12176,12176,0
1,1030,1,0,12176,12176,0
1,1030,1,2,12176,12176,0
1,2002,1,0,12177,12177,0
1,1030,1,0,12177,12177,0
1,1030,1,2,12177,12177,0
1,2002,1,2,12180,12180,0
0,2001,1,0,12181,12181,0
1,2002,1,0,12182,12182,0
0,2001,1,2,12182,12182,0
0,1999,1,1,12182,12182,0
6,1996,1,1,12191,12191,0
0,2001,1,0,12216,12216,0
3,1030,1,0,12216,12216,0
3,1030,1,2,12217,12218,0
0,2001,1,0,12219,12219,0
0,2001,1,2,12219,12219,0
3,1030,1,2,12220,12220,0
3,1030,1,2,12221,12221,0
0,2001,1,2,12223,12223,0
0,1999,1,1,12223,12223,0
1,2002,1,2,12226,12226,0
1,2002,1,0,12230,12230,0
6,1996,1,1,12235,12235,0
0,2001,1,0,12260,12260,0
3,1030,1,0,12260,12260,0
3,1030,1,2,12262,12262,0
0,2001,1,0,12263,12263,0
0,2001,1,2,12263,12263,0
3,1030,1,2,12264,12264,0
1,2002,1,0,12265,12265,0
0,2001,1,2,12266,12266,0
0,1999,1,1,12266,12266,0
1,2002,1,2,12268,12268,0
6,1996,1,1,12291,12291,0
0,2001,1,0,12313,12313,0
3,1030,1,0,12314,12314,0
0,2001,1,0,12316,12316,0
3,1030,1,0,12316,12316,0
0,2001,1,0,12318,12318,0
0,2001,1,2,12318,12318,0
0,1999,1,1,12324,12324,0
1,2002,1,0,12324,12324,0
1,2002,1,2,12340,12340,0
6,1996,1,1,12363,12363,0
1,2002,1,2,12386,12386,0
1,1030,1,0,12386,12386,0
1,1030,1,2,12386,12386,0
0,2001,1,0,12387,12387,0
0,2001,1,2,12387,12387,0
0,1999,1,1,12388,12388,0
1,2002,1,2,12401,12401,0
1,2002,1,0,12401,12401,0
6,1996,1,1,12405,12405,0
0,2001,1,0,12428,12428,0
0,2001,1,2,12428,12428,0
0,1999,1,1,12443,12444,0
1,2002,1,0,12444,12444,0
1,2002,1,2,12444,12444,0
6,1996,1,1,12470,12470,0
0,2001,1,0,12493,12493,0
0,2001,1,2,12493,12493,0
3,1030,1,2,12494,12494,0
0,2001,1,2,12497,12497,0
1,2002,1,2,12514,12514,0
0,1999,1,1,12514,12514,0
1,2002,1,0,12514,12514,0
6,1996,1,1,12544,12544,0
1,2002,1,2,12565,12565,0
1,1030,1,0,12566,12566,0
1,1030,1,2,12566,12566,0
0,2001,1,0,12569,12569,0
0,2001,1,2,12569,12569,0
0,1999,1,1,12583,12583,0
1,2002,1,0,12583,12583,0
1,2002,1,2,12587,12587,0
6,1996,1,1,12591,12591,0
1,2002,1,2,12633,12634,0
3,1030,1,2,12634,12634,0
0,2001,1,0,12635,12635,0
1,1030,1,0,12635,12635,0
1,1030,1,2,12635,12635,0
0,2001,1,2,12635,12635,0
0,1999,1,1,12635,12635,0
1,2002,1,0,12638,12638,0
1,2002,1,2,12643,12643,0
6,1996,1,1,12658,12658,0
3,1030,1,2,12688,12688,0
1,2002,1,2,12689,12689,0
0,2001,1,0,12691,12691,0
1,2002,1,0,12691,12691,0
0,2001,1,2,12691,12691,0
0,1999,1,1,12691,12691,0
6,1996,1,1,12695,12695,0
1,2002,1,2,12717,12717,0
1,1030,1,0,12717,12717,0
1,1030,1,2,12717,12717,0
0,2001,1,0,12718,12718,0
3,1030,1,0,12727,12727,0
1,2002,1,0,12728,12728,0
0,2001,1,0,12730,12730,0
0,2001,1,2,12730,12730,0
0,1999,1,1,12747,12747,0
1,2002,1,2,12759,12759,0
6,1996,1,1,12800,12800,0
0,2001,1,0,12822,12822,0
3,1030,1,0,12822,12822,0
0,2001,1,0,12825,12825,0
1,2002,1,0,12843,12843,0
1,2002,1,2,12843,12843,0
3,1030,1,2,12843,12843,0
0,2001,1,2,12843,12843,0
0,1999,1,1,12844,12844,0
6,1996,1,1,12855,12855,0
0,2001,1,0,12881,12881,0
1,2002,1,2,12881,12881,0
0,2001,1,2,12881,12881,0
0,1999,1,1,12882,12882,0
1,2002,1,0,12883,12883,0
6,1996,1,1,12890,12890,0
1,2002,1,2,12912,12912,0
0,2001,1,0,12914,12914,0
0,2001,1,2,12914,12914,0
1,1030,1,0,12928,12928,0
1,1030,1,2,12928,12928,0
1,2002,1,0,12928,12928,0
0,1999,1,1,12928,12928,0
1,2002,1,2,12932,12932,0
6,1996,1,1,12936,12936,0
0,2001,1,0,12960,12960,0
0,2001,1,2,12960,12960,0
0,1999,1,1,12960,12960,0
1,2002,1,2,12961,12961,0
1,2002,1,0,12973,12973,0
6,1996,1,1,13007,13007,0
1,2002,1,2,13016,13016,0
1,1030,1,0,13017,13017,0
1,1030,1,2,13017,13017,0
0,2001,1,0,13028,13028,0
1,2002,1,2,13029,13029,0
3,1030,1,0,13029,13029,0
0,2001,1,0,13031,13031,0
0,2001,1,2,13044,13044,0
0,1999,1,1,13045,13045,0
1,2002,1,0,13059,13059,0
6,1996,1,1,13075,13075,0
0,2001,1,0,13099,13099,0
3,1030,1,0,13100,13100,0
3,1030,1,2,13102,13102,0
0,2001,1,0,13102,13102,0
0,2001,1,2,13103,13103,0
0,1999,1,1,13103,13103,0
1,2002,1,2,13104,13104,0
1,2002,1,0,13114,13114,0
6,1996,1,1,13128,13128,0
0,2001,1,0,13154,13154,0
0,2001,1,2,13163,13163,0
1,2002,1,2,13163,13164,0
1,2002,1,0,13164,13164,0
0,1999,1,1,13164,13164,0
6,1996,1,1,13183,13183,0
1,2002,1,2,13207,13207,0
0,2001,1,0,13209,13209,0
1,2002,1,0,13210,13210,0
3,1030,1,0,13211,13211,0
0,2001,1,2,13211,13211,0
0,1999,1,1,13211,13211,0
6,1996,1,1,13216,13216,0
0,2001,1,0,13242,13242,0
0,2001,1,2,13242,13242,0
1,2002,1,0,13242,13242,0
0,1999,1,1,13242,13242,0
1,2002,1,2,13243,13243,0
6,1996,1,1,13261,13261,0
0,2001,1,0,13286,13286,0
0,2001,1,2,13287,13287,0
3,1030,1,2,13287,13287,0
3,1030,1,2,13288,13288,0
0,2001,1,2,13289,13289,0
3,1030,1,2,13293,13293,0
1,2002,1,0,13293,13293,0
1,2002,1,2,13294,13294,0
0,2001,1,2,13296,13296,0
0,1999,1,1,13296,13296,0
6,1996,1,1,13316,13316,0
1,2002,1,2,13344,13344,0
1,2002,1,0,13345,13345,0
0,2001,1,0,13346,13346,0
0,2001,1,2,13347,13347,0
0,1999,1,1,13347,13347,0
6,1996,1,1,13356,13356,0
1,2002,1,2,13375,13375,0
0,2001,1,0,13384,13384,0
0,2001,1,2,13385,13385,0
0,1999,1,1,13385,13385,0
1,1030,1,0,13385,13385,0
1,1030,1,2,13385,13395,9
1,2002,1,0,13395,13395,0
1,2002,1,2,13402,13402,0
6,1996,1,1,13405,13405,0
1,2002,1,2,13427,13427,0
1,1030,1,0,13428,13428,0
1,1030,1,2,13428,13428,0
1,2002,1,2,13431,13431,0
3,1030,1,0,13431,13431,0
1,2002,1,0,13432,13432,0
0,2001,1,0,13432,13432,0
0,2001,1,2,13443,13443,0
0,1999,1,1,13447,13447,0
6,1996,1,1,13450,13450,0
0,2001,1,0,13477,13477,0
0,2001,1,2,13477,13477,0
3,1030,1,2,13477,13477,0
3,1030,1,2,13478,13478,0
1,2002,1,0,13480,13480,0
0,2001,1,2,13480,13480,0
0,1999,1,1,13480,13480,0
1,2002,1,2,13497,13497,0
6,1996,1,1,13525,13525,0
3,1030,1,2,13554,13554,0
0,2001,1,0,13554,13554,0
1,2002,1,2,13558,13558,0
0,2001,1,2,13558,13558,0
0,1999,1,1,13559,13559,0
1,2002,1,0,13575,13575,0
6,1996,1,1,13592,13592,0
1,2002,1,2,13611,13611,0
1,1030,1,0,13611,13611,0
1,1030,1,2,13611,13611,0
1,2002,1,2,13615,13615,0
1,1030,1,0,13616,13616,0
1,1030,1,2,13616,13616,0
0,2001,1,0,13617,13617,0
0,2001,1,2,13617,13617,0
0,1999,1,1,13617,13617,0
1,2002,1,2,13626,13626,0
1,2002,1,0,13626,13626,0
6,1996,1,1,13631,13631,0
0,2001,1,0,13655,13655,0
3,1030,1,0,13655,13655,0
1,2002,1,2,13664,13664,0
0,2001,1,0,13667,13667,0
3,1030,1,0,13668,13668,0
0,2001,1,2,13668,13668,0
0,1999,1,1,13684,13684,0
1,2002,1,0,13685,13685,0
6,1996,1,1,13705,13705,0
3,1030,1,2,13728,13729,0
0,2001,1,0,13732,13732,0
1,2002,1,0,13732,13732,0
0,2001,1,2,13732,13732,0
0,1999,1,1,13732,13732,0
1,2002,1,2,13744,13744,0
6,1996,1,1,13767,13767,0
0,2001,1,0,13794,13794,0
0,2001,1,2,13794,13794,0
3,1030,1,2,13795,13795,0
3,1030,1,2,13795,13795,0
3,1030,1,2,13795,13795,0
3,1030,1,2,13795,13795,0
1,2002,1,2,13795,13795,0
0,2001,1,2,13797,13797,0
0,1999,1,1,13797,13797,0
1,2002,1,0,13807,13807,0
6,1996,1,1,13818,13818,0
1,2002,1,2,13833,13833,0
1,1030,1,0,13833,13833,0
1,1030,1,2,13833,13833,0
1,2002,1,2,13837,13837,0
1,1030,1,0,13837,13837,0
1,1030,1,2,13837,13837,0
1,2002,1,2,13842,13842,0
0,2001,1,0,13842,13842,0
3,1030,1,0,13843,13843,0
0,2001,1,2,13843,13843,0
0,1999,1,1,13843,13843,0
1,2002,1,0,13844,13844,0
6,1996,1,1,13876,13876,0
0,2001,1,0,13900,13900,0
0,2001,1,2,13900,13900,0
1,2002,1,2,13901,13901,0
0,1999,1,1,13901,13901,0
1,2002,1,0,13901,13901,0
6,1996,1,1,13905,13905,0
1,2002,1,2,13926,13926,0
1,1030,1,0,13927,13927,0
1,1030,1,2,13927,13927,0
0,2001,1,0,13927,13927,0
3,1030,1,0,13928,13928,0
1,2002,1,0,13928,13928,0
1,2002,1,2,13929,13929,0
0,2001,1,0,13930,13930,0
0,2001,1,2,13930,13930,0
0,1999,1,1,13930,13930,0
6,1996,1,1,13949,13950,0
1,2002,1,2,13963,13963,0
1,1030,1,0,13964,13964,0
1,1030,1,2,13964,13964,0
0,2001,1,0,13972,13972,0
1,2002,1,2,13972,13972,0
0,2001,1,2,13972,13973,0
0,1999,1,1,13973,13973,0
1,2002,1,0,13973,13973,0
6,1996,1,1,13990,13990,0
1,2002,1,0,14012,14012,0
1,1030,1,0,14013,14013,0
1,1030,1,2,14013,14013,0
1,2002,1,2,14013,14013,0
1,1030,1,0,14020,14020,0
1,1030,1,2,14020,14020,0
1,2002,1,0,14020,14020,0
1,1030,1,0,14020,14020,0
1,1030,1,2,14020,14020,0
1,2002,1,2,14022,14022,0
1,1030,1,0,14022,14022,0
1,1030,1,2,14022,14022,0
1,2002,1,0,14023,14023,0
0,2001,1,0,14024,14024,0
0,2001,1,2,14024,14025,0
0,1999,1,1,14025,14025,0
1,2002,1,2,14027,14027,0
6,1996,1,1,14030,14030,0
1,2002,1,0,14056,14056,0
1,2002,1,2,14057,14057,0
0,2001,1,0,14065,14067,1
0,2001,1,2,14080,14080,0
0,1999,1,1,14080,14080,0
6,1996,1,1,14084,14084,0
0,2001,1,0,14110,14110,0
0,2001,1,2,14110,14110,0
3,1030,1,2,14111,14111,0
3,1030,1,2,14112,14112,0
3,1030,1,2,14116,14116,0
1,2002,1,2,14116,14116,0
1,2002,1,0,14118,14118,0
0,2001,1,2,14127,14128,0
0,1999,1,1,14129,14129,0
6,1996,1,1,14132,14132,0
0,2001,1,0,14156,14156,0
3,1030,1,0,14156,14156,0
0,2001,1,0,14159,14159,0
0,2001,1,2,14159,14159,0
1,2002,1,2,14165,14165,0
0,1999,1,1,14165,14165,0
1,2002,1,0,14165,14165,0
6,1996,1,1,14168,14168,0
1,2002,1,2,14189,14189,0
1,1030,1,0,14190,14190,0
1,1030,1,2,14190,14190,0
0,2001,1,0,14192,14192,0
3,1030,1,0,14192,14192,0
1,2002,1,2,14207,14207,0
1,2002,1,0,14207,14207,0
0,2001,1,0,14208,14219,11
0,2001,1,2,14220,14220,0
0,1999,1,1,14220,14220,0
6,1996,1,1,14235,14235,0
1,2002,1,2,14258,14258,0
1,1030,1,0,14258,14258,0
1,1030,1,2,14258,14258,0
1,2002,1,2,14261,14261,0
3,1030,1,0,14262,14262,0
0,2001,1,0,14267,14267,0
3,1030,1,0,14276,14276,0
3,1030,1,0,14276,14276,0
1,2002,1,0,14278,14278,0
0,2001,1,0,14282,14282,0
0,2001,1,2,14285,14285,0
0,1999,1,1,14286,14286,0
6,1996,1,1,14289,14289,0
3,1030,1,2,14309,14309,0
3,1030,1,2,14312,14312,0
1,2002,1,2,14314,14314,0
1,1030,1,0,14315,14315,0
1,1030,1,2,14315,14315,0
0,2001,1,0,14315,14315,0
0,2001,1,2,14327,14327,0
1,2002,1,0,14327,14327,0
1,2002,1,2,14327,14327,0
0,1999,1,1,14328,14328,0
6,1996,1,1,14346,14346,0
1,2002,1,2,14372,14372,0
0,2001,1,0,14381,14381,0
3,1030,1,2,14382,14382,0
1,1030,1,0,14382,14382,0
1,1030,1,2,14382,14382,0
0,2001,1,2,14382,14382,0
1,2002,1,0,14382,14382,0
0,1999,1,1,14383,14383,0
1,2002,1,2,14385,14385,0
6,1996,1,1,14410,14410,0
0,2001,1,0,14429,14429,0
3,1030,1,0,14430,14430,0
0,2001,1,0,14432,14432,0
0,2001,1,2,14432,14432,0
1,2002,1,2,14455,14456,0
3,1030,1,2,14456,14456,0
0,1999,1,1,14456,14456,0
1,2002,1,0,14463,14464,1
6,1996,1,1,14483,14483,0
0,2001,1,0,14505,14505,0
3,1030,1,0,14506,14506,0
0,2001,1,0,14514,14514,0
1,2002,1,2,14516,14516,0
1,2002,1,0,14520,14520,0
3,1030,1,0,14523,14523,0
0,2001,1,0,14523,14523,0
0,2001,1,2,14524,14524,0
0,1999,1,1,14539,14539,0
6,1996,1,1,14555,14555,0
1,2002,1,2,14581,14581,0
3,1030,1,0,14582,14582,0
1,2002,1,0,14582,14582,0
0,2001,1,0,14583,14583,0
0,2001,1,2,14583,14583,0
0,1999,1,1,14583,14583,0
6,1996,1,1,14587,14587,0
3,1030,1,2,14607,14607,0
1,2002,1,0,14610,14610,0
1,1030,1,0,14610,14610,0
1,1030,1,2,14610,14610,0
0,2001,1,0,14611,14611,0
1,2002,1,2,14612,14612,0
0,2001,1,2,14612,14612,0
0,1999,1,1,14612,14612,0
1,2002,1,0,14613,14613,0
6,1996,1,1,14625,14625,0
0,2001,1,0,14649,14649,0
0,2001,1,2,14649,14649,0
3,1030,1,2,14650,14650,0
3,1030,1,2,14650,14650,0
1,2002,1,0,14652,14652,0
0,2001,1,2,14653,14653,0
0,1999,1,1,14653,14653,0
1,2002,1,2,14653,14653,0
6,1996,1,1,14680,14680,0
1,2002,1,2,14706,14706,0
0,2001,1,0,14707,14707,0
1,2002,1,0,14710,14710,0
3,1030,1,0,14724,14724,0
0,2001,1,2,14724,14724,0
0,1999,1,1,14728,14728,0
6,1996,1,1,14756,14756,0
3,1030,1,2,14780,14780,0
3,1030,1,2,14783,14783,0
3,1030,1,2,14785,14785,0
0,2001,1,0,14787,14787,0
0,2001,1,2,14787,14787,0
0,1999,1,1,14787,14787,0
1,2002,1,0,14788,14788,0
1,2002,1,2,14791,14791,0
6,1996,1,1,14818,14818,0
0,2001,1,0,14845,14845,0
3,1030,1,2,14848,14848,0
0,2001,1,2,14848,14848,0
3,1030,1,2,14849,14849,0
1,2002,1,2,14850,14850,0
0,2001,1,2,14853,14853,0
0,1999,1,1,14853,14853,0
1,2002,1,0,14863,14863,0
6,1996,1,1,14908,14908,0
1,2002,1,2,14921,14921,0
1,1030,1,0,14922,14922,0
1,1030,1,2,14922,14922,0
0,2001,1,0,14935,14935,0
3,1030,1,0,14936,14936,0
1,2002,1,2,14938,14938,0
0,2001,1,0,14939,14939,0
1,2002,1,0,14939,14939,0
0,2001,1,2,14939,14939,0
0,1999,1,1,14940,14940,0
6,1996,1,1,14955,14955,0
1,2002,1,2,14970,14970,0
1,1030,1,0,14971,14971,0
1,1030,1,2,14971,14971,0
1,2002,1,2,14981,14981,0
1,2002,1,0,14982,14982,0
0,2001,1,0,14983,14983,0
3,1030,1,0,15000,15000,0
0,2001,1,2,15000,15000,0
0,1999,1,1,15000,15000,0
6,1996,1,1,15005,15005,0
1,2002,1,2,15025,15025,0
1,1030,1,0,15025,15025,0
1,1030,1,2,15025,15025,0
1,2002,1,2,15029,15029,0
1,1030,1,0,15029,15029,0
1,1030,1,2,15029,15029,0
1,2002,1,2,15032,15032,0
1,1030,1,0,15032,15032,0
1,1030,1,2,15032,15033,0
1,2002,1,0,15033,15033,0
0,2001,1,0,15035,15035,0
0,2001,1,2,15035,15035,0
0,1999,1,1,15035,15035,0
1,2002,1,2,15036,15036,0
6,1996,1,1,15052,15052,0
0,2001,1,0,15075,15075,0
3,1030,1,0,15076,15076,0
1,2002,1,0,15078,15078,0
0,2001,1,0,15078,15078,0
0,2001,1,2,15078,15078,0
0,1999,1,1,15079,15079,0
1,2002,1,2,15079,15079,0
6,1996,1,1,15110,15110,0
1,2002,1,2,15130,15130,0
0,2001,1,0,15130,15130,0
3,1030,1,0,15140,15140,0
0,2001,1,2,15140,15140,0
0,1999,1,1,15140,15140,0
1,2002,1,0,15140,15140,0
6,1996,1,1,15167,15167,0
3,1030,1,2,15190,15190,0
1,2002,1,2,15192,15192,0
0,2001,1,0,15196,15196,0
1,1030,1,0,15197,15197,0
1,1030,1,2,15197,15197,0
1,2002,1,0,15197,15197,0
0,2001,1,2,15197,15197,0
1,2002,1,2,15203,15204,0
0,1999,1,1,15203,15204,0
6,1996,1,1,15223,15223,0
0,2001,1,0,15240,15240,0
0,2001,1,0,15243,15243,0
0,2001,1,0,15248,15248,0
0,2001,1,2,15248,15248,0
1,2002,1,0,15248,15248,0
3,1030,1,0,15248,15248,0
0,1999,1,1,15248,15248,0
3,1030,1,0,15248,15248,0
3,1030,1,2,15248,15248,0
1,2002,1,2,15249,15249,0
6,1996,1,1,15253,15253,0
0,2001,1,0,15276,15276,0
0,2001,1,2,15276,15276,0
0,1999,1,1,15276,15276,0
1,2002,1,0,15277,15277,0
1,2002,1,2,15278,15278,0
6,1996,1,1,15296,15296,0
0,2001,1,0,15318,15318,0
0,2001,1,2,15319,15319,0
0,1999,1,1,15319,15319,0
1,2002,1,0,15320,15320,0
1,2002,1,2,15321,15321,0
6,1996,1,1,15326,15326,0
0,2001,1,0,15349,15349,0
0,2001,1,2,15349,15349,0
3,1030,1,2,15350,15350,0
1,2002,1,2,15350,15350,0
1,2002,1,0,15351,15351,0
0,2001,1,2,15354,15354,0
0,1999,1,1,15359,15359,0
6,1996,1,1,15364,15364,0
1,2002,1,2,15388,15388,0
1,2002,1,0,15388,15388,0
0,2001,1,0,15390,15390,0
0,2001,1,2,15390,15390,0
0,1999,1,1,15391,15391,0
6,1996,1,1,15394,15394,0
1,2002,1,0,15419,15419,0
1,2002,1,2,15419,15419,0
0,2001,1,0,15421,15421,0
0,2001,1,2,15421,15421,0
0,1999,1,1,15421,15421,0
6,1996,1,1,15424,15424,0
1,2002,1,2,15448,15448,0
1,2002,1,0,15449,15449,0
0,2001,1,0,15451,15451,0
0,2001,1,2,15451,15451,0
0,1999,1,1,15452,15452,0
6,1996,1,1,15455,15455,0
1,2002,1,0,15479,15479,0
1,2002,1,2,15479,15479,0
0,2001,1,0,15481,15481,0
0,2001,1,2,15481,15481,0
0,1999,1,1,15482,15482,0
6,1996,1,1,15485,15485,0
1,2002,1,0,15509,15509,0
1,2002,1,2,15510,15510,0
0,2001,1,0,15512,15512,0
0,2001,1,2,15512,15512,0
0,1999,1,1,15512,15512,0
6,1996,1,1,15516,15516,0
1,2002,1,0,15539,15539,0
1,2002,1,2,15540,15540,0
0,2001,1,0,15542,15542,0
0,2001,1,2,15543,15543,0
0,1999,1,1,15543,15543,0
6,1996,1,1,15546,15546,0
1,2002,1,0,15570,15570,0
1,2002,1,2,15571,15571,0
0,2001,1,0,15573,15573,0
0,2001,1,2,15573,15573,0
0,1999,1,1,15573,15573,0
6,1996,1,1,15577,15577,0
1,2002,1,0,15601,15601,0
1,2002,1,2,15602,15602,0
0,2001,1,0,15604,15604,0
0,2001,1,2,15604,15604,0
0,1999,1,1,15604,15604,0
6,1996,1,1,15608,15608,0
1,2002,1,0,15631,15631,0
1,2002,1,2,15632,15633,0
0,2001,1,0,15634,15634,0
0,2001,1,2,15634,15634,0
0,1999,1,1,15635,15635,0
6,1996,1,1,15640,15640,0
1,2002,1,0,15663,15663,0
1,2002,1,2,15664,15664,0
0,2001,1,0,15666,15666,0
0,2001,1,2,15666,15667,0
0,1999,1,1,15667,15667,0
6,1996,1,1,15671,15671,0
1,2002,1,0,15695,15695,0
1,2002,1,2,15696,15696,0
0,2001,1,0,15697,15697,0
0,2001,1,2,15698,15698,0
0,1999,1,1,15698,15698,0
6,1996,1,1,15702,15702,0
1,2002,1,0,15726,15726,0
1,2002,1,2,15726,15726,0
0,2001,1,0,15729,15729,0
0,2001,1,2,15729,15729,0
0,1999,1,1,15729,15729,0
6,1996,1,1,15733,15733,0
1,2002,1,0,15757,15757,0
1,2002,1,2,15757,15757,0
0,2001,1,0,15760,15760,0
0,2001,1,2,15760,15760,0
0,1999,1,1,15760,15760,0
6,1996,1,1,15764,15764,0
0,2001,1,0,15786,15786,0
0,2001,1,2,15787,15787,0
0,1999,1,1,15787,15787,0
1,2002,1,0,15788,15788,0
1,2002,1,2,15788,15788,0
6,1996,1,1,15792,15792,0
0,2001,1,0,15813,15813,0
1,2002,1,2,15815,15815,0
0,2001,1,0,15816,15816,0
3,1030,1,0,15815,15816,1
0,2001,1,2,15816,15816,0
0,1999,1,1,15816,15816,0
1,2002,1,0,15818,15818,0
3,1030,1,2,15818,15818,0
6,1996,1,1,15838,15838,0
1,2002,1,2,15860,15860,0
0,2001,1,0,15860,15860,0
0,2001,1,2,15861,15861,0
0,1999,1,1,15861,15861,0
1,2002,1,0,15862,15862,0
6,1996,1,1,15865,15865,0
1,2002,1,2,15888,15888,0
0,2001,1,0,15888,15888,0
0,2001,1,2,15888,15888,0
0,1999,1,1,15888,15888,0
1,2002,1,0,15890,15890,0
6,1996,1,1,15894,15894,0
1,2002,1,2,15916,15916,0
0,2001,1,0,15917,15917,0
0,2001,1,2,15917,15917,0
0,1999,1,1,15918,15918,0
1,2002,1,0,15919,15919,0
6,1996,1,1,15923,15923,0
1,2002,1,2,15945,15945,0
0,2001,1,0,15946,15946,0
0,2001,1,2,15946,15946,0
0,1999,1,1,15946,15946,0
1,2002,1,0,15947,15947,0
6,1996,1,1,15950,15950,0
1,2002,1,2,15973,15973,0
0,2001,1,0,15973,15973,0
0,2001,1,2,15973,15973,0
0,1999,1,1,15973,15973,0
1,2002,1,0,15975,15975,0
6,1996,1,1,15979,15979,0
1,2002,1,2,16001,16001,0
0,2001,1,0,16001,16001,0
0,2001,1,2,16001,16001,0
0,1999,1,1,16002,16002,0
1,2002,1,0,16003,16003,0
6,1996,1,1,16006,16006,0
1,2002,1,2,16029,16029,0
0,2001,1,0,16029,16029,0
0,2001,1,2,16030,16030,0
0,1999,1,1,16030,16030,0
1,2002,1,0,16031,16031,0
6,1996,1,1,16035,16035,0
1,2002,1,2,16058,16058,0
0,2001,1,0,16058,16058,0
0,2001,1,2,16058,16058,0
0,1999,1,1,16059,16059,0
1,2002,1,0,16060,16060,0
6,1996,1,1,16064,16064,0
1,2002,1,2,16086,16086,0
0,2001,1,0,16086,16086,0
0,2001,1,2,16087,16087,0
0,1999,1,1,16087,16087,0
1,2002,1,0,16088,16088,0
6,1996,1,1,16092,16092,0
1,2002,1,2,16114,16114,0
0,2001,1,0,16115,16115,0
0,2001,1,2,16115,16115,0
0,1999,1,1,16115,16115,0
1,2002,1,0,16116,16116,0
6,1996,1,1,16120,16120,0
1,2002,1,2,16142,16142,0
0,2001,1,0,16143,16143,0
0,2001,1,2,16143,16143,0
0,1999,1,1,16144,16144,0
1,2002,1,0,16144,16144,0
6,1996,1,1,16148,16148,0
0,2001,1,0,16171,16171,0
1,2002,1,2,16171,16171,0
0,2001,1,2,16171,16171,0
0,1999,1,1,16171,16171,0
1,2002,1,0,16172,16172,0
6,1996,1,1,16176,16176,0
1,2002,1,2,16198,16198,0
0,2001,1,0,16199,16199,0
0,2001,1,2,16199,16199,0
0,1999,1,1,16199,16199,0
1,2002,1,0,16200,16200,0
6,1996,1,1,16203,16203,0
0,2001,1,0,16226,16226,0
0,2001,1,2,16227,16227,0
0,1999,1,1,16227,16227,0
1,2002,1,2,16227,16227,0
1,2002,1,0,16228,16228,0
6,1996,1,1,16232,16232,0
0,2001,1,0,16255,16255,0
0,2001,1,2,16255,16255,0
1,2002,1,2,16255,16255,0
0,1999,1,1,16255,16255,0
1,2002,1,0,16256,16256,0
6,1996,1,1,16260,16260,0
0,2001,1,0,16282,16282,0
0,2001,1,2,16283,16283,0
0,1999,1,1,16283,16283,0
1,2002,1,2,16283,16283,0
1,2002,1,0,16284,16284,0
6,1996,1,1,16288,16288,0
0,2001,1,0,16311,16311,0
0,2001,1,2,16311,16311,0
0,1999,1,1,16311,16311,0
1,2002,1,2,16311,16311,0
1,2002,1,0,16312,16312,0
6,1996,1,1,16316,16316,0
0,2001,1,0,16339,16339,0
0,2001,1,2,16339,16339,0
0,1999,1,1,16339,16339,0
1,2002,1,2,16339,16339,0
1,2002,1,0,16340,16340,0
6,1996,1,1,16343,16343,0
0,2001,1,0,16366,16366,0
0,2001,1,2,16366,16366,0
0,1999,1,1,16367,16367,0
1,2002,1,2,16367,16367,0
1,2002,1,0,16368,16368,0
6,1996,1,1,16371,16371,0
1,2002,1,2,16393,16393,0
0,2001,1,0,16394,16394,0
0,2001,1,2,16394,16394,0
0,1999,1,1,16394,16394,0
1,2002,1,0,16395,16395,0
6,1996,1,1,16398,16398,0
0,2001,1,0,16422,16422,0
1,2002,1,2,16422,16422,0
0,2001,1,2,16422,16422,0
0,1999,1,1,16422,16422,0
1,2002,1,0,16423,16423,0
6,1996,1,1,16427,16427,0
1,2002,1,2,16450,16450,0
0,2001,1,0,16450,16450,0
0,2001,1,2,16450,16450,0
0,1999,1,1,16450,16450,0
1,2002,1,0,16452,16452,0
6,1996,1,1,16455,16455,0
0,2001,1,0,16478,16478,0
0,2001,1,2,16478,16478,0
0,1999,1,1,16478,16478,0
1,2002,1,2,16479,16479,0
1,2002,1,0,16480,16480,0
6,1996,1,1,16483,16483,0
1,2002,1,2,16505,16505,0
0,2001,1,0,16505,16505,0
0,2001,1,2,16506,16506,0
0,1999,1,1,16506,16506,0
1,2002,1,0,16507,16507,0
6,1996,1,1,16510,16510,0
1,2002,1,2,16533,16533,0
0,2001,1,0,16533,16533,0
0,2001,1,2,16533,16533,0
0,1999,1,1,16533,16533,0
1,2002,1,0,16534,16534,0
6,1996,1,1,16538,16538,0
1,2002,1,2,16561,16561,0
0,2001,1,0,16561,16561,0
0,2001,1,2,16561,16561,0
0,1999,1,1,16561,16561,0
1,2002,1,0,16562,16562,0
6,1996,1,1,16566,16566,0
1,2002,1,2,16588,16588,0
0,2001,1,0,16588,16588,0
0,2001,1,2,16588,16588,0
0,1999,1,1,16589,16589,0
1,2002,1,0,16590,16590,0
6,1996,1,1,16593,16593,0
0,2001,1,0,16616,16616,0
0,2001,1,2,16616,16616,0
0,1999,1,1,16616,16616,0
1,2002,1,2,16617,16617,0
1,2002,1,0,16618,16618,0
6,1996,1,1,16621,16621,0
0,2001,1,0,16643,16643,0
0,2001,1,2,16644,16644,0
1,2002,1,2,16644,16644,0
0,1999,1,1,16644,16644,0
1,2002,1,0,16645,16645,0
6,1996,1,1,16648,16648,0
1,2002,1,2,16670,16670,0
0,2001,1,0,16671,16671,0
0,2001,1,2,16671,16671,0
0,1999,1,1,16671,16671,0
1,2002,1,0,16672,16672,0
6,1996,1,1,16676,16676,0
1,2002,1,2,16698,16698,0
0,2001,1,0,16698,16698,0
0,2001,1,2,16698,16699,0
0,1999,1,1,16699,16699,0
1,2002,1,0,16700,16700,0
6,1996,1,1,16703,16703,0
1,2002,1,2,16725,16725,0
0,2001,1,0,16725,16725,0
0,2001,1,2,16726,16726,0
0,1999,1,1,16726,16726,0
1,2002,1,0,16727,16727,0
6,1996,1,1,16730,16730,0
0,2001,1,0,16753,16753,0
0,2001,1,2,16753,16753,0
0,1999,1,1,16753,16753,0
1,2002,1,2,16754,16754,0
1,2002,1,0,16755,16755,0
6,1996,1,1,16757,16758,0
1,2002,1,2,16780,16780,0
0,2001,1,0,16781,16781,0
0,2001,1,2,16781,16781,0
0,1999,1,1,16781,16781,0
1,2002,1,0,16782,16782,0
6,1996,1,1,16785,16785,0
0,2001,1,0,16808,16808,0
1,2002,1,2,16808,16808,0
0,2001,1,2,16808,16808,0
0,1999,1,1,16809,16809,0
1,2002,1,0,16810,16810,0
6,1996,1,1,16813,16813,0
1,2002,1,2,16836,16836,0
0,2001,1,0,16836,16836,0
0,2001,1,2,16836,16836,0
0,1999,1,1,16837,16837,0
1,2002,1,0,16838,16838,0
6,1996,1,1,16841,16841,0
1,2002,1,2,16864,16864,0
0,2001,1,0,16865,16865,0
0,2001,1,2,16865,16865,0
0,1999,1,1,16865,16865,0
1,2002,1,0,16866,16866,0
6,1996,1,1,16869,16869,0
0,2001,1,0,16892,16892,0
0,2001,1,2,16892,16892,0
0,1999,1,1,16893,16893,0
1,2002,1,2,16893,16893,0
1,2002,1,0,16894,16894,0
6,1996,1,1,16897,16897,0
0,2001,1,0,16920,16920,0
0,2001,1,2,16920,16920,0
0,1999,1,1,16921,16921,0
1,2002,1,2,16921,16921,0
1,2002,1,0,16922,16922,0
6,1996,1,1,16925,16925,0
1,2002,1,2,16947,16948,0
0,2001,1,0,16948,16948,0
0,2001,1,2,16948,16948,0
0,1999,1,1,16948,16948,0
1,2002,1,0,16949,16949,0
6,1996,1,1,16952,16952,0
0,2001,1,0,16975,16975,0
0,2001,1,2,16975,16975,0
0,1999,1,1,16976,16976,0
1,2002,1,2,16976,16976,0
1,2002,1,0,16977,16977,0
6,1996,1,1,16980,16980,0
1,2002,1,2,17002,17003,0
0,2001,1,0,17003,17003,0
0,2001,1,2,17003,17003,0
0,1999,1,1,17003,17003,0
1,2002,1,0,17004,17004,0
6,1996,1,1,17007,17007,0
0,2001,1,0,17030,17030,0
1,2002,1,2,17030,17030,0
0,2001,1,2,17030,17030,0
0,1999,1,1,17030,17030,0
1,2002,1,0,17032,17032,0
6,1996,1,1,17035,17035,0
0,2001,1,0,17058,17058,0
0,2001,1,2,17058,17058,0
1,2002,1,2,17058,17058,0
0,1999,1,1,17059,17059,0
1,2002,1,0,17060,17060,0
6,1996,1,1,17064,17064,0
0,2001,1,0,17086,17086,0
0,2001,1,2,17087,17087,0
0,1999,1,1,17087,17087,0
1,2002,1,2,17087,17087,0
1,2002,1,0,17088,17088,0
6,1996,1,1,17091,17091,0
1,2002,1,2,17114,17114,0
0,2001,1,0,17114,17114,0
0,2001,1,2,17115,17115,0
0,1999,1,1,17115,17115,0
1,2002,1,0,17115,17115,0
6,1996,1,1,17119,17119,0
1,2002,1,2,17142,17142,0
0,2001,1,0,17142,17142,0
0,2001,1,2,17143,17143,0
0,1999,1,1,17143,17143,0
1,2002,1,0,17144,17144,0
6,1996,1,1,17148,17148,0
1,2002,1,2,17171,17171,0
0,2001,1,0,17171,17171,0
0,2001,1,2,17171,17171,0
0,1999,1,1,17171,17171,0
1,2002,1,0,17173,17173,0
6,1996,1,1,17177,17177,0
0,2001,1,0,17200,17200,0
0,2001,1,2,17200,17200,0
0,1999,1,1,17200,17200,0
1,2002,1,2,17201,17201,0
1,2002,1,0,17201,17201,0
6,1996,1,1,17205,17205,0
1,2002,1,2,17228,17228,0
0,2001,1,0,17228,17228,0
0,2001,1,2,17228,17228,0
0,1999,1,1,17229,17229,0
1,2002,1,0,17230,17230,0
6,1996,1,1,17233,17233,0
1,2002,1,2,17256,17256,0
0,2001,1,0,17256,17256,0
0,2001,1,2,17256,17256,0
0,1999,1,1,17257,17257,0
1,2002,1,0,17258,17258,0
6,1996,1,1,17261,17261,0
1,2002,1,2,17283,17283,0
0,2001,1,0,17284,17284,0
0,2001,1,2,17284,17284,0
0,1999,1,1,17284,17284,0
1,2002,1,0,17285,17285,0
6,1996,1,1,17289,17289,0
0,2001,1,0,17312,17312,0
0,2001,1,2,17312,17312,0
1,2002,1,2,17312,17312,0
0,1999,1,1,17312,17312,0
1,2002,1,0,17313,17313,0
6,1996,1,1,17317,17317,0
1,2002,1,2,17340,17340,0
0,2001,1,0,17340,17340,0
0,2001,1,2,17340,17340,0
0,1999,1,1,17340,17340,0
1,2002,1,0,17341,17341,0
6,1996,1,1,17345,17345,0
0,2001,1,0,17368,17368,0
0,2001,1,2,17368,17368,0
0,1999,1,1,17368,17368,0
1,2002,1,2,17369,17369,0
1,2002,1,0,17370,17370,0
6,1996,1,1,17373,17373,0
0,2001,1,0,17396,17396,0
0,2001,1,2,17396,17396,0
1,2002,1,2,17396,17396,0
0,1999,1,1,17396,17396,0
1,2002,1,0,17397,17397,0
6,1996,1,1,17400,17400,0
0,2001,1,0,17423,17423,0
0,2001,1,2,17423,17423,0
0,1999,1,1,17423,17423,0
1,2002,1,2,17424,17424,0
1,2002,1,0,17425,17425,0
