thread,tag,sender,reciever,begin,end,lifeSpan
3,1030,2,1,3273,3273,0
6,1996,2,2,3283,3283,0
0,2001,2,1,3283,3284,0
0,2001,2,0,3284,3284,0
0,1999,2,2,3295,3295,0
6,1996,2,2,3303,3303,0
0,2001,2,1,3303,3304,0
3,1030,2,1,3311,3312,0
0,2001,2,1,3314,3314,0
3,1030,2,1,3315,3315,0
0,2001,2,1,3317,3317,0
3,1030,2,1,3318,3318,0
0,2001,2,1,3320,3320,0
3,1030,2,1,3321,3321,0
0,2001,2,1,3324,3324,0
3,1030,2,1,3332,3332,0
0,2001,2,1,3333,3333,0
0,2001,2,0,3333,3333,0
3,1030,2,0,3336,3336,0
3,1030,2,0,3337,3337,0
3,1030,2,0,3338,3338,0
0,2001,2,0,3339,3339,0
0,1999,2,2,3339,3339,0
1,2002,2,0,3339,3340,0
1,2002,2,1,3341,3341,0
6,1996,2,2,3354,3354,0
0,2001,2,1,3367,3367,0
3,1030,2,1,3367,3367,0
0,2001,2,1,3369,3369,0
3,1030,2,1,3370,3370,0
0,2001,2,1,3372,3372,0
3,1030,2,1,3372,3373,0
0,2001,2,1,3375,3375,0
0,2001,2,0,3375,3375,0
1,2002,2,0,3381,3381,0
1,2002,2,1,3384,3384,0
3,1030,2,0,3385,3385,0
0,2001,2,0,3386,3386,0
0,1999,2,2,3391,3391,0
6,1996,2,2,3395,3395,0
0,2001,2,1,3414,3414,0
3,1030,2,1,3415,3415,0
3,1030,2,0,3415,3415,0
0,2001,2,1,3418,3418,0
0,2001,2,0,3418,3418,0
0,1999,2,2,3418,3418,0
1,2002,2,1,3419,3419,0
1,2002,2,0,3419,3419,0
6,1996,2,2,3430,3430,0
0,2001,2,1,3451,3451,0
0,2001,2,0,3451,3452,0
0,1999,2,2,3452,3452,0
1,2002,2,1,3453,3453,0
1,2002,2,0,3454,3454,0
6,1996,2,2,3457,3457,0
0,2001,2,1,3479,3479,0
0,2001,2,0,3479,3479,0
0,1999,2,2,3480,3480,0
1,2002,2,1,3481,3481,0
1,2002,2,0,3482,3482,0
6,1996,2,2,3486,3486,0
0,2001,2,1,3508,3508,0
1,2002,2,1,3523,3523,0
1,2002,2,0,3523,3523,0
0,2001,2,0,3523,3523,0
0,1999,2,2,3524,3524,0
6,1996,2,2,3535,3535,0
0,2001,2,1,3557,3557,0
0,2001,2,0,3557,3557,0
0,1999,2,2,3558,3558,0
1,2002,2,1,3558,3558,0
1,2002,2,0,3560,3560,0
6,1996,2,2,3563,3563,0
0,2001,2,1,3585,3585,0
1,2002,2,0,3587,3587,0
3,1030,2,1,3587,3588,1
3,1030,2,1,3588,3588,0
0,2001,2,1,3588,3588,0
0,2001,2,1,3591,3591,0
0,2001,2,0,3591,3591,0
0,1999,2,2,3591,3592,0
3,1030,2,1,3592,3592,0
3,1030,2,1,3592,3593,1
1,2002,2,1,3595,3595,0
6,1996,2,2,3599,3599,0
3,1030,2,0,3623,3623,0
0,2001,2,1,3624,3624,0
0,2001,2,0,3624,3624,0
0,1999,2,2,3624,3624,0
1,2002,2,1,3625,3625,0
1,2002,2,0,3626,3626,0
6,1996,2,2,3639,3639,0
3,1030,2,0,3660,3660,0
1,2002,2,0,3663,3664,1
0,2001,2,1,3664,3664,0
0,2001,2,0,3664,3664,0
0,1999,2,2,3664,3664,0
1,2002,2,1,3665,3665,0
6,1996,2,2,3669,3669,0
1,2002,2,0,3693,3693,0
1,2002,2,1,3694,3694,0
0,2001,2,1,3694,3694,0
0,2001,2,0,3695,3695,0
0,1999,2,2,3695,3695,0
6,1996,2,2,3698,3698,0
3,1030,2,0,3719,3719,0
1,2002,2,0,3719,3719,0
1,1030,2,0,3720,3720,0
1,1030,2,1,3720,3720,0
1,2002,2,1,3722,3722,0
1,2002,2,0,3722,3722,0
0,2001,2,1,3722,3722,0
0,2001,2,0,3722,3722,0
0,1999,2,2,3722,3722,0
6,1996,2,2,3725,3725,0
1,2002,2,0,3748,3748,0
3,1030,2,1,3749,3749,0
0,2001,2,1,3749,3749,0
3,1030,2,1,3750,3750,0
3,1030,2,1,3751,3751,0
0,2001,2,1,3753,3753,0
0,2001,2,0,3753,3753,0
0,1999,2,2,3753,3753,0
1,2002,2,1,3761,3761,0
6,1996,2,2,3775,3775,0
3,1030,2,0,3790,3790,0
3,1030,2,0,3792,3792,0
1,2002,2,0,3798,3798,0
1,1030,2,0,3798,3798,0
1,1030,2,1,3798,3798,0
0,2001,2,1,3798,3798,0
0,2001,2,0,3801,3801,0
0,1999,2,2,3801,3801,0
1,2002,2,0,3803,3803,0
1,2002,2,1,3814,3814,0
6,1996,2,2,3837,3837,0
0,2001,2,1,3859,3859,0
3,1030,2,1,3860,3860,0
0,2001,2,1,3862,3862,0
3,1030,2,0,3865,3865,0
0,2001,2,0,3865,3865,0
3,1030,2,0,3866,3866,0
3,1030,2,0,3867,3868,0
0,2001,2,0,3868,3868,0
0,1999,2,2,3868,3868,0
1,2002,2,1,3871,3871,0
1,2002,2,0,3872,3872,0
6,1996,2,2,3891,3891,0
1,2002,2,0,3914,3914,0
1,1030,2,0,3915,3915,0
1,1030,2,1,3915,3915,0
3,1030,2,0,3914,3915,0
0,2001,2,1,3916,3916,0
1,2002,2,0,3927,3927,0
1,2002,2,1,3927,3927,0
0,2001,2,0,3927,3928,0
0,1999,2,2,3928,3928,0
6,1996,2,2,3956,3956,0
1,2002,2,0,3980,3980,0
0,2001,2,1,3982,3982,0
1,2002,2,1,4003,4003,0
0,2001,2,0,4003,4003,0
0,1999,2,2,4004,4004,0
6,1996,2,2,4011,4011,0
1,2002,2,0,4034,4034,0
0,2001,2,1,4036,4036,0
0,2001,2,0,4036,4036,0
0,1999,2,2,4037,4037,0
1,2002,2,1,4037,4037,0
6,1996,2,2,4041,4041,0
1,2002,2,0,4065,4065,0
1,2002,2,1,4067,4067,0
0,2001,2,1,4067,4067,0
0,2001,2,0,4068,4068,0
0,1999,2,2,4068,4068,0
6,1996,2,2,4073,4073,0
1,2002,2,0,4096,4096,0
1,1030,2,0,4097,4097,0
1,1030,2,1,4097,4097,0
0,2001,2,1,4097,4097,0
0,2001,2,0,4098,4098,0
0,1999,2,2,4098,4098,0
1,2002,2,1,4103,4103,0
1,2002,2,0,4103,4103,0
6,1996,2,2,4124,4124,0
0,2001,2,1,4148,4148,0
0,2001,2,0,4148,4148,0
0,1999,2,2,4148,4148,0
1,2002,2,0,4150,4150,0
1,2002,2,1,4150,4150,0
6,1996,2,2,4154,4154,0
0,2001,2,1,4177,4178,0
0,2001,2,0,4178,4178,0
0,1999,2,2,4178,4178,0
1,2002,2,0,4180,4180,0
1,2002,2,1,4180,4180,0
6,1996,2,2,4183,4183,0
0,2001,2,1,4207,4207,0
0,2001,2,0,4207,4207,0
0,1999,2,2,4208,4208,0
1,2002,2,0,4210,4210,0
1,2002,2,1,4210,4210,0
6,1996,2,2,4213,4213,0
0,2001,2,1,4237,4237,0
0,2001,2,0,4237,4237,0
0,1999,2,2,4237,4237,0
1,2002,2,0,4239,4239,0
1,2002,2,1,4239,4239,0
6,1996,2,2,4242,4242,0
0,2001,2,1,4266,4266,0
3,1030,2,1,4278,4278,0
1,2002,2,0,4278,4278,0
1,2002,2,1,4278,4278,0
0,2001,2,1,4283,4283,0
0,2001,2,0,4284,4284,0
0,1999,2,2,4287,4287,0
6,1996,2,2,4297,4297,0
3,1030,2,0,4323,4323,0
1,2002,2,0,4332,4332,0
1,1030,2,0,4332,4332,0
1,1030,2,1,4332,4332,0
1,2002,2,1,4333,4333,0
0,2001,2,1,4334,4334,0
1,2002,2,0,4343,4343,0
0,2001,2,0,4343,4359,15
0,1999,2,2,4359,4359,0
6,1996,2,2,4403,4403,0
1,2002,2,0,4418,4418,0
1,1030,2,0,4418,4419,0
1,1030,2,1,4419,4419,0
1,2002,2,0,4421,4421,0
1,1030,2,0,4422,4422,0
1,1030,2,1,4422,4422,0
1,2002,2,0,4425,4425,0
1,1030,2,0,4425,4425,0
1,1030,2,1,4425,4425,0
0,2001,2,1,4426,4426,0
3,1030,2,1,4427,4427,0
0,2001,2,1,4429,4429,0
1,2002,2,0,4430,4430,0
3,1030,2,1,4431,4431,0
3,1030,2,1,4431,4431,0
0,2001,2,1,4433,4433,0
3,1030,2,1,4434,4434,0
0,2001,2,1,4438,4438,0
1,2002,2,1,4447,4447,0
0,2001,2,0,4448,4448,0
0,1999,2,2,4448,4448,0
6,1996,2,2,4473,4473,0
3,1030,2,0,4490,4490,0
3,1030,2,0,4494,4494,0
3,1030,2,0,4496,4496,0
3,1030,2,0,4499,4499,0
0,2001,2,1,4502,4502,0
0,2001,2,0,4502,4502,0
3,1030,2,0,4504,4504,0
0,1999,2,2,4504,4504,0
1,2002,2,0,4504,4504,0
1,2002,2,1,4519,4519,0
6,1996,2,2,4560,4560,0
1,2002,2,0,4579,4579,0
1,1030,2,0,4579,4579,0
1,1030,2,1,4579,4579,0
1,2002,2,0,4582,4582,0
1,1030,2,0,4582,4582,0
1,1030,2,1,4582,4582,0
1,2002,2,0,4584,4584,0
3,1030,2,1,4584,4585,0
0,2001,2,1,4585,4585,0
3,1030,2,1,4586,4586,0
1,2002,2,1,4587,4587,0
0,2001,2,1,4590,4590,0
0,2001,2,0,4590,4590,0
0,1999,2,2,4590,4590,0
6,1996,2,2,4594,4594,0
1,2002,2,1,4618,4618,0
1,1030,2,0,4619,4619,0
1,1030,2,1,4619,4619,0
0,2001,2,1,4619,4619,0
0,2001,2,0,4619,4619,0
1,2002,2,0,4620,4620,0
0,1999,2,2,4621,4621,0
1,2002,2,1,4634,4634,0
6,1996,2,2,4637,4637,0
0,2001,2,1,4662,4662,0
1,2002,2,0,4663,4663,0
3,1030,2,1,4663,4663,0
3,1030,2,1,4663,4664,0
3,1030,2,1,4666,4666,0
0,2001,2,1,4667,4667,0
0,2001,2,0,4667,4667,0
0,1999,2,2,4667,4667,0
1,2002,2,1,4668,4668,0
6,1996,2,2,4689,4689,0
0,2001,2,1,4717,4717,0
3,1030,2,1,4717,4718,0
1,2002,2,0,4718,4718,0
0,2001,2,1,4721,4721,0
3,1030,2,1,4721,4721,0
1,2002,2,1,4723,4723,0
0,2001,2,1,4727,4727,0
0,2001,2,0,4728,4728,0
0,1999,2,2,4738,4738,0
6,1996,2,2,4747,4747,0
3,1030,2,0,4761,4761,0
3,1030,2,0,4764,4764,0
1,2002,2,0,4773,4773,0
1,1030,2,0,4773,4773,0
1,1030,2,1,4773,4773,0
1,2002,2,1,4774,4774,0
1,1030,2,0,4774,4774,0
1,1030,2,1,4774,4774,0
0,2001,2,1,4775,4775,0
0,2001,2,0,4775,4775,0
0,1999,2,2,4776,4776,0
1,2002,2,0,4776,4776,0
1,2002,2,1,4776,4776,0
6,1996,2,2,4789,4789,0
0,2001,2,1,4818,4818,0
1,2002,2,0,4818,4818,0
3,1030,2,1,4818,4818,0
3,1030,2,1,4818,4818,0
1,2002,2,1,4819,4819,0
0,2001,2,1,4820,4820,0
0,2001,2,0,4821,4821,0
0,1999,2,2,4821,4821,0
6,1996,2,2,4827,4827,0
3,1030,2,0,4843,4843,0
3,1030,2,0,4845,4845,0
3,1030,2,0,4847,4847,0
1,2002,2,1,4850,4850,0
1,1030,2,0,4850,4850,0
1,1030,2,1,4850,4850,0
0,2001,2,1,4853,4853,0
0,2001,2,0,4854,4854,0
1,2002,2,1,4854,4854,0
0,1999,2,2,4854,4854,0
1,2002,2,0,4854,4854,0
6,1996,2,2,4865,4865,0
1,2002,2,0,4888,4888,0
1,1030,2,0,4889,4889,0
1,1030,2,1,4889,4889,0
0,2001,2,1,4890,4890,0
1,2002,2,1,4890,4890,0
0,2001,2,0,4890,4890,0
0,1999,2,2,4890,4890,0
1,2002,2,0,4891,4891,0
6,1996,2,2,4907,4907,0
0,2001,2,1,4931,4931,0
0,2001,2,0,4932,4932,0
1,2002,2,1,4932,4932,0
0,1999,2,2,4932,4932,0
1,2002,2,0,4933,4933,0
6,1996,2,2,4940,4940,0
0,2001,2,1,4964,4964,0
0,2001,2,0,4964,4964,0
0,1999,2,2,4965,4965,0
1,2002,2,0,4965,4965,0
1,2002,2,1,4969,4969,0
6,1996,2,2,4982,4982,0
0,2001,2,1,5003,5003,0
3,1030,2,1,5005,5005,0
1,2002,2,0,5006,5006,0
0,2001,2,1,5009,5009,0
0,2001,2,0,5009,5009,0
3,1030,2,0,5023,5023,0
0,1999,2,2,5024,5024,0
1,2002,2,1,5043,5043,0
6,1996,2,2,5050,5050,0
0,2001,2,1,5074,5074,0
1,2002,2,0,5075,5075,0
3,1030,2,1,5075,5075,0
3,1030,2,1,5076,5076,0
0,2001,2,1,5078,5078,0
0,2001,2,0,5087,5087,0
1,2002,2,1,5090,5090,0
0,1999,2,2,5090,5090,0
6,1996,2,2,5113,5113,0
3,1030,2,0,5132,5132,0
0,2001,2,1,5138,5138,0
0,2001,2,0,5139,5139,0
0,1999,2,2,5143,5143,0
3,1030,2,0,5143,5143,0
1,2002,2,0,5149,5149,0
1,2002,2,1,5152,5152,0
6,1996,2,2,5170,5170,0
3,1030,2,0,5194,5194,0
0,2001,2,1,5196,5196,0
3,1030,2,0,5196,5196,0
1,2002,2,0,5211,5211,0
1,2002,2,1,5211,5211,0
0,2001,2,0,5211,5211,0
0,1999,2,2,5212,5212,0
6,1996,2,2,5246,5246,0
1,2002,2,0,5264,5264,0
1,1030,2,0,5265,5265,0
1,1030,2,1,5265,5265,0
1,2002,2,1,5276,5276,0
1,1030,2,0,5276,5276,0
1,1030,2,1,5276,5276,0
1,2002,2,0,5279,5279,0
0,2001,2,1,5280,5280,0
0,2001,2,0,5280,5281,0
1,2002,2,1,5284,5284,0
0,1999,2,2,5291,5291,0
6,1996,2,2,5340,5340,0
0,2001,2,1,5360,5360,0
1,2002,2,0,5372,5372,0
3,1030,2,0,5372,5372,0
3,1030,2,1,5372,5372,0
1,2002,2,1,5373,5373,0
0,2001,2,1,5375,5375,0
0,2001,2,0,5375,5375,0
0,1999,2,2,5375,5375,0
6,1996,2,2,5382,5382,0
1,2002,2,0,5403,5403,0
3,1030,2,1,5404,5407,2
3,1030,2,1,5407,5407,0
0,2001,2,1,5407,5407,0
0,2001,2,0,5407,5407,0
0,1999,2,2,5423,5423,0
1,2002,2,1,5426,5426,0
6,1996,2,2,5453,5453,0
0,2001,2,1,5476,5476,0
3,1030,2,1,5477,5477,0
0,2001,2,1,5480,5480,0
3,1030,2,1,5481,5481,0
0,2001,2,1,5483,5483,0
1,2002,2,0,5485,5485,0
3,1030,2,1,5486,5486,0
1,2002,2,1,5486,5486,0
0,2001,2,1,5489,5489,0
0,2001,2,0,5489,5489,0
0,1999,2,2,5489,5489,0
6,1996,2,2,5515,5515,0
1,2002,2,0,5537,5537,0
1,1030,2,0,5537,5537,0
1,1030,2,1,5537,5537,0
0,2001,2,1,5544,5544,0
3,1030,2,1,5545,5545,0
0,2001,2,1,5548,5548,0
1,2002,2,0,5550,5550,0
1,2002,2,1,5550,5550,0
0,2001,2,0,5550,5550,0
0,1999,2,2,5557,5557,0
6,1996,2,2,5607,5607,0
3,1030,2,0,5608,5608,0
3,1030,2,0,5611,5611,0
3,1030,2,0,5613,5613,0
1,2002,2,0,5628,5628,0
1,1030,2,0,5629,5629,0
1,1030,2,1,5629,5629,0
1,2002,2,0,5632,5632,0
1,1030,2,0,5632,5632,0
1,1030,2,1,5632,5632,0
1,2002,2,1,5633,5633,0
0,2001,2,1,5635,5635,0
0,2001,2,0,5635,5635,0
0,1999,2,2,5635,5635,0
1,2002,2,0,5637,5637,0
6,1996,2,2,5655,5655,0
3,1030,2,0,5667,5668,0
3,1030,2,0,5670,5670,0
3,1030,2,0,5672,5672,0
1,2002,2,0,5672,5672,0
1,1030,2,0,5673,5673,0
1,1030,2,1,5673,5673,0
1,2002,2,0,5676,5676,0
0,2001,2,1,5676,5676,0
1,1030,2,0,5677,5677,0
1,1030,2,1,5677,5677,0
1,2002,2,1,5677,5677,0
0,2001,2,0,5677,5677,0
0,1999,2,2,5677,5677,0
1,2002,2,0,5684,5684,0
6,1996,2,2,5695,5695,0
0,2001,2,1,5716,5716,0
3,1030,2,1,5717,5717,0
1,2002,2,0,5719,5719,0
3,1030,2,1,5719,5719,0
0,2001,2,1,5719,5719,0
0,2001,2,0,5719,5719,0
0,1999,2,2,5719,5719,0
1,2002,2,1,5720,5720,0
6,1996,2,2,5737,5737,0
0,2001,2,1,5760,5760,0
0,2001,2,0,5761,5761,0
0,1999,2,2,5761,5761,0
1,2002,2,1,5763,5763,0
1,2002,2,0,5764,5764,0
6,1996,2,2,5769,5769,0
0,2001,2,1,5793,5793,0
0,2001,2,0,5793,5793,0
0,1999,2,2,5793,5793,0
1,2002,2,1,5795,5795,0
1,2002,2,0,5796,5796,0
6,1996,2,2,5805,5805,0
0,2001,2,1,5828,5828,0
3,1030,2,1,5829,5829,0
1,2002,2,1,5829,5829,0
0,2001,2,1,5832,5832,0
1,2002,2,0,5840,5840,0
0,2001,2,0,5840,5841,0
0,1999,2,2,5841,5841,0
6,1996,2,2,5864,5864,0
0,2001,2,1,5890,5890,0
3,1030,2,1,5891,5891,0
3,1030,2,0,5892,5892,0
0,2001,2,1,5893,5893,0
0,2001,2,0,5894,5894,0
3,1030,2,0,5895,5895,0
0,2001,2,0,5898,5898,0
1,2002,2,1,5898,5898,0
0,1999,2,2,5911,5911,0
1,2002,2,0,5911,5911,0
6,1996,2,2,5944,5944,0
1,2002,2,1,5967,5967,0
1,1030,2,0,5968,5968,0
1,1030,2,1,5968,5968,0
1,2002,2,1,5971,5971,0
0,2001,2,1,5972,5972,0
0,2001,2,0,5973,5973,0
0,1999,2,2,5973,5973,0
1,2002,2,0,5983,5983,0
6,1996,2,2,6033,6033,0
1,2002,2,1,6053,6053,0
1,1030,2,0,6053,6053,0
1,1030,2,1,6053,6054,0
1,2002,2,0,6054,6054,0
1,1030,2,0,6054,6054,0
1,1030,2,1,6054,6054,0
1,2002,2,1,6056,6056,0
0,2001,2,1,6057,6057,0
1,2002,2,0,6075,6075,0
0,2001,2,0,6075,6075,0
0,1999,2,2,6075,6076,0
6,1996,2,2,6083,6083,0
1,2002,2,0,6106,6106,0
0,2001,2,1,6107,6107,0
3,1030,2,1,6110,6110,0
0,2001,2,1,6112,6112,0
1,2002,2,1,6127,6127,0
0,2001,2,0,6127,6127,0
0,1999,2,2,6127,6128,0
6,1996,2,2,6138,6138,0
0,2001,2,1,6163,6163,0
1,2002,2,0,6163,6163,0
1,2002,2,1,6164,6164,0
0,2001,2,0,6164,6164,0
0,1999,2,2,6164,6164,0
6,1996,2,2,6172,6172,0
1,2002,2,0,6195,6195,0
0,2001,2,1,6195,6195,0
1,1030,2,0,6196,6196,0
1,1030,2,1,6196,6196,0
0,2001,2,0,6196,6196,0
0,1999,2,2,6196,6196,0
1,2002,2,1,6198,6198,0
1,2002,2,0,6199,6200,0
6,1996,2,2,6208,6208,0
0,2001,2,1,6232,6232,0
0,2001,2,0,6232,6232,0
0,1999,2,2,6232,6232,0
1,2002,2,1,6234,6234,0
1,2002,2,0,6234,6234,0
6,1996,2,2,6239,6239,0
0,2001,2,1,6262,6262,0
0,2001,2,0,6262,6262,0
0,1999,2,2,6263,6263,0
1,2002,2,1,6265,6265,0
1,2002,2,0,6265,6265,0
6,1996,2,2,6269,6269,0
0,2001,2,1,6293,6293,0
0,2001,2,0,6293,6293,0
0,1999,2,2,6293,6293,0
1,2002,2,1,6295,6295,0
1,2002,2,0,6295,6295,0
6,1996,2,2,6299,6299,0
0,2001,2,1,6324,6324,0
0,2001,2,0,6324,6324,0
0,1999,2,2,6324,6324,0
1,2002,2,1,6325,6325,0
1,2002,2,0,6326,6326,0
6,1996,2,2,6330,6330,0
0,2001,2,1,6354,6354,0
0,2001,2,0,6355,6355,0
0,1999,2,2,6355,6355,0
1,2002,2,1,6356,6356,0
1,2002,2,0,6357,6357,0
6,1996,2,2,6361,6361,0
0,2001,2,1,6385,6385,0
0,2001,2,0,6386,6386,0
0,1999,2,2,6386,6386,0
1,2002,2,1,6387,6387,0
1,2002,2,0,6387,6387,0
6,1996,2,2,6392,6392,0
0,2001,2,1,6416,6416,0
0,2001,2,0,6416,6416,0
0,1999,2,2,6416,6416,0
1,2002,2,1,6418,6418,0
1,2002,2,0,6418,6418,0
6,1996,2,2,6422,6422,0
0,2001,2,1,6446,6446,0
0,2001,2,0,6447,6447,0
0,1999,2,2,6447,6447,0
1,2002,2,1,6448,6448,0
1,2002,2,0,6449,6449,0
6,1996,2,2,6453,6453,0
0,2001,2,1,6477,6477,0
0,2001,2,0,6477,6477,0
0,1999,2,2,6478,6478,0
1,2002,2,1,6479,6479,0
1,2002,2,0,6479,6479,0
6,1996,2,2,6484,6484,0
0,2001,2,1,6508,6508,0
0,2001,2,0,6508,6508,0
0,1999,2,2,6508,6508,0
1,2002,2,1,6510,6510,0
1,2002,2,0,6510,6510,0
6,1996,2,2,6515,6515,0
1,2002,2,0,6538,6538,0
0,2001,2,1,6539,6539,0
0,2001,2,0,6539,6539,0
0,1999,2,2,6540,6540,0
1,2002,2,1,6551,6551,0
6,1996,2,2,6557,6557,0
1,2002,2,0,6579,6579,0
3,1030,2,1,6579,6579,0
0,2001,2,1,6581,6581,0
0,2001,2,0,6581,6581,0
0,1999,2,2,6599,6599,0
1,2002,2,1,6602,6602,0
6,1996,2,2,6607,6607,0
3,1030,2,0,6631,6631,0
0,2001,2,1,6632,6632,0
0,2001,2,0,6633,6633,0
3,1030,2,0,6633,6633,0
3,1030,2,0,6634,6634,0
1,2002,2,0,6634,6634,0
0,2001,2,0,6636,6636,0
0,1999,2,2,6636,6636,0
1,2002,2,1,6636,6637,0
6,1996,2,2,6661,6661,0
0,2001,2,1,6688,6688,0
0,2001,2,0,6688,6688,0
3,1030,2,0,6688,6688,0
1,2002,2,1,6689,6689,0
1,2002,2,0,6690,6690,0
0,2001,2,0,6691,6691,0
0,1999,2,2,6697,6697,0
6,1996,2,2,6702,6702,0
1,2002,2,0,6730,6730,0
1,2002,2,1,6730,6730,0
0,2001,2,1,6730,6730,0
0,2001,2,0,6731,6731,0
0,1999,2,2,6731,6731,0
6,1996,2,2,6749,6749,0
1,2002,2,1,6777,6777,0
0,2001,2,1,6778,6778,0
0,2001,2,0,6778,6778,0
0,1999,2,2,6778,6778,0
1,2002,2,0,6793,6793,0
6,1996,2,2,6812,6812,0
1,2002,2,0,6827,6827,0
1,1030,2,0,6827,6827,0
1,1030,2,1,6827,6827,0
0,2001,2,1,6839,6839,0
1,2002,2,1,6840,6840,0
0,2001,2,0,6840,6840,0
1,2002,2,0,6842,6842,0
0,1999,2,2,6842,6842,0
6,1996,2,2,6863,6863,0
1,2002,2,0,6883,6883,0
1,1030,2,0,6884,6884,0
1,1030,2,1,6884,6884,0
0,2001,2,1,6896,6896,0
1,2002,2,0,6898,6898,0
1,2002,2,1,6903,6903,0
3,1030,2,1,6911,6911,0
0,2001,2,1,6913,6913,0
0,2001,2,0,6913,6913,0
0,1999,2,2,6914,6914,0
6,1996,2,2,6927,6927,0
3,1030,2,0,6953,6953,0
0,2001,2,1,6954,6954,0
0,2001,2,0,6954,6954,0
0,1999,2,2,6954,6954,0
1,2002,2,0,6955,6955,0
1,2002,2,1,6956,6956,0
6,1996,2,2,6959,6959,0
1,2002,2,0,6975,6975,0
1,1030,2,0,6975,6975,0
1,1030,2,1,6975,6975,0
1,2002,2,0,6978,6978,0
1,1030,2,0,6978,6978,0
1,1030,2,1,6978,6978,0
1,2002,2,0,6981,6981,0
3,1030,2,1,6982,6982,0
0,2001,2,1,6982,6982,0
0,2001,2,0,6983,6983,0
0,1999,2,2,6983,6983,0
1,2002,2,1,6995,6995,0
6,1996,2,2,7007,7007,0
0,2001,2,1,7029,7029,0
1,2002,2,0,7039,7039,0
1,2002,2,1,7040,7040,0
3,1030,2,1,7040,7040,0
0,2001,2,1,7045,7045,0
0,2001,2,0,7045,7045,0
0,1999,2,2,7063,7063,0
6,1996,2,2,7066,7066,0
1,2002,2,0,7089,7089,0
1,1030,2,0,7090,7090,0
1,1030,2,1,7090,7090,0
1,2002,2,1,7090,7090,0
1,1030,2,0,7090,7090,0
1,1030,2,1,7090,7090,0
1,2002,2,0,7093,7093,0
1,1030,2,0,7093,7093,0
1,1030,2,1,7093,7093,0
1,2002,2,1,7095,7095,0
1,2002,2,0,7097,7097,0
0,2001,2,1,7113,7113,0
0,2001,2,0,7115,7115,0
0,1999,2,2,7115,7115,0
6,1996,2,2,7118,7118,0
1,2002,2,0,7150,7150,0
0,2001,2,1,7151,7151,0
0,2001,2,0,7152,7152,0
1,2002,2,1,7152,7152,0
0,1999,2,2,7152,7152,0
6,1996,2,2,7179,7179,0
1,2002,2,1,7193,7193,0
1,1030,2,0,7193,7193,0
1,1030,2,1,7193,7193,0
1,2002,2,1,7195,7195,0
1,1030,2,0,7195,7195,0
1,1030,2,1,7195,7195,0
1,2002,2,0,7196,7196,0
1,1030,2,0,7196,7196,0
1,1030,2,1,7196,7196,0
0,2001,2,1,7196,7197,0
0,2001,2,0,7197,7197,0
0,1999,2,2,7197,7197,0
1,2002,2,1,7198,7198,0
1,2002,2,0,7199,7199,0
6,1996,2,2,7213,7213,0
0,2001,2,1,7228,7228,0
3,1030,2,1,7228,7228,0
0,2001,2,1,7231,7231,0
3,1030,2,1,7232,7232,0
0,2001,2,1,7234,7234,0
3,1030,2,1,7235,7235,0
0,2001,2,1,7237,7237,0
3,1030,2,1,7238,7238,0
0,2001,2,1,7241,7241,0
3,1030,2,1,7242,7242,0
0,2001,2,1,7245,7245,0
0,2001,2,0,7245,7245,0
3,1030,2,0,7246,7246,0
3,1030,2,0,7246,7246,0
0,2001,2,0,7248,7248,0
3,1030,2,0,7248,7248,0
1,2002,2,0,7249,7249,0
1,2002,2,1,7249,7249,0
0,2001,2,0,7251,7251,0
0,1999,2,2,7251,7251,0
6,1996,2,2,7254,7254,0
3,1030,2,0,7275,7275,0
1,2002,2,0,7276,7276,0
1,1030,2,0,7277,7277,0
1,1030,2,1,7277,7277,0
0,2001,2,1,7280,7280,0
0,2001,2,0,7280,7280,0
1,2002,2,1,7280,7280,0
0,1999,2,2,7296,7296,0
1,2002,2,0,7303,7303,0
6,1996,2,2,7309,7309,0
3,1030,2,0,7332,7332,0
3,1030,2,0,7334,7334,0
3,1030,2,0,7336,7337,0
1,2002,2,0,7337,7337,0
1,1030,2,0,7337,7337,0
1,1030,2,1,7337,7337,0
1,2002,2,1,7343,7343,0
1,1030,2,0,7344,7344,0
1,1030,2,1,7344,7344,0
1,2002,2,0,7346,7346,0
1,2002,2,1,7347,7347,0
0,2001,2,1,7348,7348,0
0,2001,2,0,7348,7348,0
0,1999,2,2,7350,7350,0
6,1996,2,2,7364,7364,0
0,2001,2,1,7394,7394,0
0,2001,2,0,7394,7394,0
3,1030,2,0,7396,7396,0
1,2002,2,1,7396,7396,0
0,2001,2,0,7398,7398,0
1,2002,2,0,7398,7398,0
0,1999,2,2,7398,7398,0
6,1996,2,2,7416,7416,0
1,2002,2,0,7433,7433,0
1,1030,2,0,7434,7434,0
1,1030,2,1,7434,7434,0
0,2001,2,1,7437,7437,0
3,1030,2,1,7438,7438,0
0,2001,2,1,7439,7439,0
3,1030,2,1,7440,7440,0
0,2001,2,1,7442,7442,0
0,2001,2,0,7442,7442,0
0,1999,2,2,7456,7456,0
1,2002,2,0,7479,7479,0
1,2002,2,1,7479,7479,0
6,1996,2,2,7496,7496,0
1,2002,2,0,7515,7515,0
1,1030,2,0,7516,7516,0
1,1030,2,1,7516,7516,0
1,2002,2,0,7517,7517,0
3,1030,2,1,7518,7518,0
0,2001,2,1,7519,7519,0
0,2001,2,0,7539,7539,0
1,2002,2,1,7539,7539,0
0,1999,2,2,7542,7542,0
6,1996,2,2,7545,7545,0
1,2002,2,0,7575,7575,0
1,1030,2,0,7577,7577,0
1,1030,2,1,7577,7577,0
1,2002,2,0,7579,7579,0
1,1030,2,0,7580,7580,0
1,1030,2,1,7580,7580,0
1,2002,2,1,7580,7580,0
0,2001,2,1,7582,7582,0
0,2001,2,0,7582,7584,1
0,1999,2,2,7584,7584,0
1,2002,2,0,7585,7585,0
6,1996,2,2,7588,7588,0
0,2001,2,1,7606,7606,0
3,1030,2,1,7607,7607,0
0,2001,2,1,7609,7610,0
3,1030,2,0,7613,7613,0
1,2002,2,0,7627,7627,0
1,2002,2,1,7627,7627,0
3,1030,2,1,7627,7627,0
0,2001,2,1,7630,7630,0
0,2001,2,0,7630,7630,0
0,1999,2,2,7630,7630,0
6,1996,2,2,7653,7653,0
0,2001,2,1,7676,7676,0
1,2002,2,1,7676,7676,0
0,2001,2,0,7676,7676,0
0,1999,2,2,7677,7677,0
1,2002,2,0,7678,7678,0
6,1996,2,2,7681,7681,0
0,2001,2,1,7704,7704,0
0,2001,2,0,7704,7704,0
0,1999,2,2,7704,7704,0
1,2002,2,1,7705,7705,0
1,2002,2,0,7706,7706,0
6,1996,2,2,7709,7709,0
0,2001,2,1,7732,7732,0
0,2001,2,0,7732,7732,0
0,1999,2,2,7733,7733,0
1,2002,2,1,7734,7734,0
1,2002,2,0,7735,7735,0
6,1996,2,2,7738,7738,0
0,2001,2,1,7761,7761,0
0,2001,2,0,7761,7761,0
0,1999,2,2,7761,7761,0
1,2002,2,1,7762,7762,0
1,2002,2,0,7763,7763,0
6,1996,2,2,7766,7766,0
0,2001,2,1,7789,7789,0
0,2001,2,0,7789,7789,0
0,1999,2,2,7789,7789,0
1,2002,2,1,7790,7790,0
1,2002,2,0,7791,7791,0
6,1996,2,2,7795,7795,0
0,2001,2,1,7818,7818,0
0,2001,2,0,7818,7818,0
0,1999,2,2,7818,7818,0
1,2002,2,1,7819,7819,0
1,2002,2,0,7820,7820,0
6,1996,2,2,7824,7824,0
0,2001,2,1,7846,7847,0
0,2001,2,0,7847,7847,0
0,1999,2,2,7847,7847,0
1,2002,2,1,7848,7848,0
1,2002,2,0,7849,7849,0
6,1996,2,2,7852,7852,0
0,2001,2,1,7875,7875,0
0,2001,2,0,7875,7875,0
0,1999,2,2,7875,7875,0
1,2002,2,1,7877,7877,0
1,2002,2,0,7877,7878,0
6,1996,2,2,7881,7881,0
0,2001,2,1,7904,7904,0
0,2001,2,0,7904,7904,0
3,1030,2,0,7904,7904,0
0,2001,2,0,7908,7908,0
0,1999,2,2,7908,7908,0
1,2002,2,0,7905,7923,18
1,2002,2,1,7923,7923,0
6,1996,2,2,7926,7926,0
1,2002,2,0,7949,7949,0
1,1030,2,0,7949,7949,0
1,1030,2,1,7949,7949,0
1,2002,2,0,7952,7952,0
1,1030,2,0,7952,7952,0
1,1030,2,1,7952,7952,0
1,2002,2,0,7954,7954,0
1,1030,2,0,7955,7955,0
1,1030,2,1,7955,7955,0
1,2002,2,0,7957,7957,0
1,1030,2,0,7958,7958,0
1,1030,2,1,7958,7958,0
0,2001,2,1,7958,7958,0
0,2001,2,1,7963,7963,0
3,1030,2,1,7959,7963,3
1,2002,2,0,7963,7963,0
1,2002,2,1,7979,7979,0
3,1030,2,1,7979,7979,0
0,2001,2,1,7982,7982,0
0,2001,2,0,7982,7982,0
0,1999,2,2,7983,7983,0
6,1996,2,2,7986,7986,0
0,2001,2,1,8015,8015,0
0,2001,2,0,8015,8015,0
3,1030,2,0,8016,8016,0
1,2002,2,0,8016,8016,0
1,2002,2,1,8016,8016,0
0,2001,2,0,8019,8019,0
0,1999,2,2,8019,8019,0
6,1996,2,2,8024,8024,0
3,1030,2,0,8049,8049,0
0,2001,2,1,8050,8050,0
0,2001,2,0,8050,8050,0
0,1999,2,2,8050,8050,0
1,2002,2,0,8051,8051,0
1,2002,2,1,8052,8052,0
6,1996,2,2,8056,8056,0
3,1030,2,0,8078,8078,0
0,2001,2,1,8079,8079,0
0,2001,2,0,8079,8079,0
0,1999,2,2,8079,8079,0
1,2002,2,0,8080,8080,0
1,2002,2,1,8080,8080,0
6,1996,2,2,8084,8084,0
0,2001,2,1,8107,8107,0
0,2001,2,0,8108,8108,0
0,1999,2,2,8108,8108,0
1,2002,2,0,8109,8109,0
1,2002,2,1,8109,8109,0
6,1996,2,2,8113,8113,0
0,2001,2,1,8136,8136,0
0,2001,2,0,8136,8136,0
0,1999,2,2,8136,8136,0
1,2002,2,1,8137,8137,0
1,2002,2,0,8137,8137,0
6,1996,2,2,8164,8164,0
0,2001,2,1,8188,8188,0
0,2001,2,0,8189,8189,0
1,2002,2,0,8189,8189,0
1,2002,2,1,8189,8189,0
0,1999,2,2,8189,8189,0
6,1996,2,2,8193,8193,0
0,2001,2,1,8218,8218,0
0,2001,2,0,8218,8218,0
1,2002,2,1,8218,8218,0
1,2002,2,0,8218,8218,0
0,1999,2,2,8218,8218,0
6,1996,2,2,8223,8223,0
1,2002,2,0,8247,8247,0
1,2002,2,1,8247,8247,0
0,2001,2,1,8248,8248,0
0,2001,2,0,8248,8248,0
0,1999,2,2,8248,8248,0
6,1996,2,2,8252,8252,0
0,2001,2,1,8275,8275,0
0,2001,2,0,8276,8276,0
1,2002,2,0,8276,8276,0
1,2002,2,1,8276,8276,0
0,1999,2,2,8276,8276,0
6,1996,2,2,8280,8280,0
0,2001,2,1,8304,8304,0
0,2001,2,0,8305,8305,0
1,2002,2,0,8305,8305,0
1,2002,2,1,8305,8305,0
0,1999,2,2,8305,8305,0
6,1996,2,2,8308,8309,0
1,2002,2,1,8333,8333,0
1,2002,2,0,8333,8333,0
0,2001,2,1,8334,8334,0
0,2001,2,0,8334,8334,0
0,1999,2,2,8335,8335,0
6,1996,2,2,8340,8340,0
1,2002,2,0,8364,8364,0
1,2002,2,1,8365,8365,0
0,2001,2,1,8365,8365,0
0,2001,2,0,8365,8365,0
0,1999,2,2,8365,8365,0
6,1996,2,2,8370,8370,0
0,2001,2,1,8393,8393,0
1,2002,2,1,8393,8393,0
1,2002,2,0,8393,8393,0
0,2001,2,0,8394,8394,0
0,1999,2,2,8394,8394,0
6,1996,2,2,8398,8398,0
1,2002,2,0,8423,8423,0
0,2001,2,1,8423,8423,0
1,2002,2,1,8423,8423,0
0,2001,2,0,8423,8423,0
0,1999,2,2,8423,8423,0
6,1996,2,2,8429,8429,0
1,2002,2,1,8453,8453,0
1,2002,2,0,8454,8454,0
0,2001,2,1,8454,8454,0
0,2001,2,0,8455,8455,0
0,1999,2,2,8455,8455,0
6,1996,2,2,8460,8460,0
1,2002,2,1,8484,8484,0
1,2002,2,0,8484,8484,0
0,2001,2,1,8484,8484,0
0,2001,2,0,8485,8485,0
0,1999,2,2,8485,8485,0
6,1996,2,2,8490,8490,0
0,2001,2,1,8514,8514,0
3,1030,2,0,8514,8514,0
0,2001,2,0,8515,8515,0
3,1030,2,0,8516,8516,0
0,2001,2,0,8517,8517,0
1,2002,2,0,8521,8521,0
0,1999,2,2,8531,8531,0
1,2002,2,1,8532,8532,0
6,1996,2,2,8567,8567,0
0,2001,2,1,8592,8592,0
1,2002,2,0,8603,8603,0
3,1030,2,1,8603,8603,0
1,2002,2,1,8604,8604,0
0,2001,2,1,8606,8606,0
0,2001,2,0,8634,8634,0
0,1999,2,2,8643,8643,0
6,1996,2,2,8680,8680,0
1,2002,2,0,8706,8706,0
1,1030,2,0,8707,8707,0
1,1030,2,1,8707,8707,0
1,2002,2,0,8710,8710,0
1,1030,2,0,8711,8711,0
1,1030,2,1,8711,8711,0
1,2002,2,0,8714,8714,0
1,1030,2,0,8714,8714,0
1,1030,2,1,8714,8714,0
1,2002,2,0,8716,8716,0
1,1030,2,0,8716,8716,0
1,1030,2,1,8716,8717,0
1,2002,2,1,8717,8717,0
1,2002,2,0,8735,8735,0
0,2001,2,1,8736,8736,0
0,2001,2,0,8736,8736,0
0,1999,2,2,8736,8736,0
6,1996,2,2,8758,8758,0
3,1030,2,0,8782,8782,0
3,1030,2,0,8785,8785,0
1,2002,2,1,8787,8788,0
1,1030,2,0,8789,8789,0
1,1030,2,1,8789,8789,0
1,2002,2,0,8790,8790,0
1,2002,2,1,8791,8791,0
0,2001,2,1,8794,8807,12
0,2001,2,0,8807,8807,0
0,1999,2,2,8811,8811,0
6,1996,2,2,8820,8820,0
0,2001,2,1,8844,8844,0
3,1030,2,1,8845,8845,0
0,2001,2,1,8848,8848,0
1,2002,2,0,8875,8875,0
1,2002,2,1,8875,8875,0
0,2001,2,0,8875,8875,0
0,1999,2,2,8876,8876,0
6,1996,2,2,8935,8935,0
0,2001,2,1,8967,8967,0
3,1030,2,1,8967,8968,0
1,2002,2,0,8971,8971,0
3,1030,2,1,8971,8971,0
1,2002,2,1,8973,8973,0
0,2001,2,1,8974,8975,0
0,2001,2,0,8975,8975,0
0,1999,2,2,8975,8975,0
6,1996,2,2,8979,8979,0
3,1030,2,0,9011,9011,0
1,2002,2,0,9011,9011,0
1,1030,2,0,9011,9011,0
1,1030,2,1,9011,9011,0
0,2001,2,1,9013,9013,0
1,2002,2,0,9013,9013,0
1,2002,2,1,9013,9013,0
0,2001,2,0,9023,9023,0
0,1999,2,2,9024,9024,0
6,1996,2,2,9048,9048,0
0,2001,2,1,9073,9073,0
3,1030,2,1,9076,9076,0
0,2001,2,1,9079,9079,0
0,2001,2,0,9079,9079,0
3,1030,2,0,9079,9079,0
0,1999,2,2,9079,9079,0
1,2002,2,0,9079,9079,0
1,2002,2,1,9084,9084,0
6,1996,2,2,9088,9088,0
0,2001,2,1,9113,9113,0
3,1030,2,1,9114,9114,0
3,1030,2,0,9116,9116,0
1,2002,2,0,9117,9117,0
0,2001,2,1,9119,9119,0
0,2001,2,0,9120,9120,0
0,1999,2,2,9120,9120,0
1,2002,2,1,9123,9123,0
6,1996,2,2,9127,9127,0
1,2002,2,0,9156,9156,0
0,2001,2,1,9164,9164,0
0,2001,2,0,9165,9165,0
1,1030,2,0,9165,9165,0
1,1030,2,1,9165,9165,0
1,2002,2,1,9165,9165,0
0,1999,2,2,9165,9165,0
1,2002,2,0,9168,9168,0
6,1996,2,2,9235,9235,0
3,1030,2,0,9239,9239,0
3,1030,2,0,9244,9244,0
1,2002,2,1,9247,9247,0
1,1030,2,0,9247,9248,0
1,1030,2,1,9248,9248,0
1,2002,2,0,9249,9249,0
1,1030,2,0,9249,9249,0
1,1030,2,1,9249,9249,0
1,2002,2,1,9250,9250,0
1,1030,2,0,9250,9251,0
1,1030,2,1,9251,9251,0
1,2002,2,0,9252,9252,0
1,1030,2,0,9253,9253,0
1,1030,2,1,9253,9253,0
0,2001,2,1,9253,9253,0
1,2002,2,1,9253,9253,0
0,2001,2,0,9253,9253,0
0,1999,2,2,9254,9254,0
1,2002,2,0,9256,9256,0
6,1996,2,2,9260,9260,0
1,2002,2,0,9290,9290,0
3,1030,2,1,9298,9298,0
0,2001,2,1,9298,9298,0
1,2002,2,1,9298,9298,0
0,2001,2,0,9299,9299,0
0,1999,2,2,9299,9299,0
6,1996,2,2,9302,9302,0
0,2001,2,1,9317,9318,0
3,1030,2,1,9331,9331,0
0,2001,2,1,9335,9335,0
1,2002,2,0,9336,9336,0
1,2002,2,1,9336,9336,0
3,1030,2,1,9336,9336,0
0,2001,2,1,9338,9338,0
0,2001,2,0,9339,9339,0
0,1999,2,2,9339,9339,0
6,1996,2,2,9366,9366,0
0,2001,2,1,9387,9387,0
3,1030,2,1,9388,9388,0
0,2001,2,1,9389,9389,0
3,1030,2,1,9390,9390,0
0,2001,2,1,9393,9393,0
0,2001,2,0,9395,9395,0
3,1030,2,0,9395,9395,0
0,1999,2,2,9395,9395,0
1,2002,2,0,9396,9396,0
1,2002,2,1,9399,9399,0
6,1996,2,2,9439,9439,0
0,2001,2,1,9465,9465,0
3,1030,2,1,9465,9466,0
0,2001,2,1,9468,9468,0
0,2001,2,0,9468,9468,0
1,2002,2,0,9476,9476,0
0,1999,2,2,9476,9476,0
1,2002,2,1,9476,9476,0
6,1996,2,2,9479,9479,0
0,2001,2,1,9506,9506,0
0,2001,2,0,9506,9506,0
0,1999,2,2,9506,9506,0
1,2002,2,0,9508,9508,0
1,2002,2,1,9509,9509,0
6,1996,2,2,9512,9512,0
1,2002,2,0,9539,9539,0
0,2001,2,1,9540,9540,0
0,2001,2,0,9540,9540,0
0,1999,2,2,9541,9541,0
1,2002,2,1,9542,9542,0
6,1996,2,2,9545,9545,0
1,2002,2,0,9569,9569,0
1,1030,2,0,9570,9570,0
1,1030,2,1,9570,9570,0
0,2001,2,1,9572,9572,0
1,2002,2,0,9572,9572,0
0,2001,2,0,9572,9572,0
1,2002,2,1,9575,9575,0
0,1999,2,2,9587,9587,0
6,1996,2,2,9596,9596,0
3,1030,2,0,9626,9626,0
1,2002,2,0,9627,9627,0
0,2001,2,1,9627,9628,0
1,1030,2,0,9628,9628,0
1,1030,2,1,9628,9628,0
0,2001,2,0,9628,9628,0
0,1999,2,2,9629,9629,0
1,2002,2,0,9631,9631,0
1,2002,2,1,9638,9638,0
6,1996,2,2,9657,9657,0
0,2001,2,1,9702,9702,0
1,2002,2,0,9702,9702,0
1,2002,2,1,9702,9702,0
0,2001,2,0,9711,9711,0
0,1999,2,2,9712,9712,0
6,1996,2,2,9715,9715,0
0,2001,2,1,9733,9733,0
3,1030,2,1,9739,9739,0
1,2002,2,0,9739,9740,0
3,1030,2,0,9740,9740,0
0,2001,2,1,9742,9742,0
1,2002,2,1,9742,9742,0
0,2001,2,0,9755,9755,0
0,1999,2,2,9769,9769,0
6,1996,2,2,9780,9780,0
0,2001,2,1,9801,9801,0
3,1030,2,1,9802,9802,0
0,2001,2,1,9803,9803,0
0,2001,2,0,9804,9804,0
0,1999,2,2,9804,9804,0
1,2002,2,0,9804,9804,0
1,2002,2,1,9809,9809,0
6,1996,2,2,9812,9812,0
0,2001,2,1,9834,9834,0
1,2002,2,1,9835,9835,0
1,2002,2,0,9836,9836,0
3,1030,2,1,9844,9844,0
0,2001,2,1,9846,9846,0
0,2001,2,0,9846,9846,0
0,1999,2,2,9847,9847,0
6,1996,2,2,9849,9849,0
3,1030,2,0,9872,9872,0
1,2002,2,0,9873,9873,0
0,2001,2,1,9875,9875,0
1,2002,2,1,9875,9875,0
0,2001,2,0,9875,9875,0
0,1999,2,2,9875,9875,0
6,1996,2,2,9878,9878,0
1,2002,2,0,9901,9901,0
1,1030,2,0,9902,9902,0
1,1030,2,1,9902,9902,0
0,2001,2,1,9902,9902,0
0,2001,2,0,9902,9902,0
0,1999,2,2,9902,9902,0
1,2002,2,1,9903,9903,0
1,2002,2,0,9905,9905,0
6,1996,2,2,9917,9917,0
0,2001,2,1,9939,9939,0
0,2001,2,0,9940,9940,0
0,1999,2,2,9940,9940,0
1,2002,2,1,9941,9941,0
1,2002,2,0,9942,9942,0
6,1996,2,2,9945,9945,0
0,2001,2,1,9967,9967,0
0,2001,2,0,9968,9968,0
0,1999,2,2,9968,9968,0
1,2002,2,1,9969,9969,0
1,2002,2,0,9970,9970,0
6,1996,2,2,9973,9973,0
0,2001,2,1,9996,9996,0
0,2001,2,0,9996,9996,0
0,1999,2,2,9996,9996,0
1,2002,2,0,9998,9998,0
1,2002,2,1,9998,9998,0
6,1996,2,2,10002,10002,0
0,2001,2,1,10024,10024,0
1,2002,2,1,10025,10025,0
3,1030,2,1,10025,10025,0
1,2002,2,0,10026,10026,0
0,2001,2,1,10027,10027,0
0,2001,2,0,10031,10031,0
0,1999,2,2,10031,10031,0
6,1996,2,2,10034,10034,0
3,1030,2,0,10056,10056,0
1,2002,2,0,10056,10056,0
0,2001,2,1,10056,10056,0
1,1030,2,0,10057,10057,0
1,1030,2,1,10057,10057,0
0,2001,2,0,10058,10058,0
1,2002,2,1,10058,10058,0
0,1999,2,2,10058,10058,0
1,2002,2,0,10059,10059,0
6,1996,2,2,10072,10072,0
0,2001,2,1,10093,10093,0
3,1030,2,1,10094,10094,0
1,2002,2,0,10095,10095,0
1,2002,2,1,10095,10095,0
0,2001,2,1,10096,10096,0
0,2001,2,0,10110,10110,0
0,1999,2,2,10110,10110,0
6,1996,2,2,10127,10127,0
1,2002,2,0,10152,10152,0
0,2001,2,1,10153,10153,0
0,2001,2,0,10153,10153,0
0,1999,2,2,10153,10153,0
1,2002,2,1,10153,10153,0
6,1996,2,2,10156,10156,0
3,1030,2,0,10177,10177,0
1,2002,2,0,10179,10179,0
0,2001,2,1,10181,10181,0
0,2001,2,0,10181,10181,0
1,2002,2,1,10183,10183,0
0,1999,2,2,10183,10184,0
6,1996,2,2,10187,10187,0
1,2002,2,0,10209,10209,0
0,2001,2,1,10210,10210,0
1,1030,2,0,10210,10210,0
1,1030,2,1,10210,10210,0
0,2001,2,0,10210,10210,0
0,1999,2,2,10210,10211,0
1,2002,2,1,10211,10211,0
1,2002,2,0,10213,10213,0
6,1996,2,2,10216,10216,0
1,2002,2,0,10241,10241,0
1,1030,2,0,10241,10241,0
1,1030,2,1,10241,10242,0
1,2002,2,1,10242,10242,0
1,1030,2,0,10243,10243,0
1,1030,2,1,10243,10243,0
1,2002,2,0,10244,10244,0
1,1030,2,0,10245,10245,0
1,1030,2,1,10245,10245,0
1,2002,2,1,10245,10245,0
1,2002,2,0,10247,10247,0
0,2001,2,1,10248,10248,0
0,2001,2,0,10248,10248,0
0,1999,2,2,10248,10248,0
6,1996,2,2,10251,10251,0
3,1030,2,0,10277,10277,0
1,2002,2,0,10277,10277,0
0,2001,2,1,10277,10277,0
0,2001,2,0,10277,10277,0
0,1999,2,2,10278,10278,0
1,2002,2,1,10295,10296,0
6,1996,2,2,10298,10298,0
0,2001,2,1,10320,10320,0
3,1030,2,1,10321,10321,0
1,2002,2,0,10328,10328,0
3,1030,2,1,10328,10328,0
3,1030,2,1,10333,10333,0
3,1030,2,1,10333,10333,0
3,1030,2,1,10336,10336,0
0,2001,2,1,10340,10340,0
3,1030,2,1,10340,10340,0
0,2001,2,0,10343,10343,0
1,2002,2,1,10343,10344,0
0,1999,2,2,10343,10344,0
6,1996,2,2,10346,10346,0
3,1030,2,0,10364,10364,0
3,1030,2,0,10367,10367,0
3,1030,2,0,10370,10370,0
3,1030,2,0,10373,10373,0
1,2002,2,0,10375,10375,0
0,2001,2,1,10376,10376,0
1,2002,2,1,10376,10376,0
0,2001,2,0,10381,10381,0
0,1999,2,2,10382,10382,0
6,1996,2,2,10384,10384,0
3,1030,2,0,10412,10412,0
1,2002,2,0,10412,10412,0
1,1030,2,0,10412,10412,0
1,1030,2,1,10412,10412,0
1,2002,2,1,10414,10414,0
0,2001,2,1,10414,10414,0
0,2001,2,0,10414,10414,0
0,1999,2,2,10414,10414,0
1,2002,2,0,10416,10416,0
6,1996,2,2,10428,10428,0
0,2001,2,1,10452,10452,0
3,1030,2,1,10452,10453,0
1,2002,2,1,10458,10458,0
1,2002,2,0,10458,10459,0
0,2001,2,1,10466,10466,0
0,2001,2,0,10466,10466,0
0,1999,2,2,10467,10467,0
6,1996,2,2,10470,10470,0
3,1030,2,0,10497,10497,0
1,2002,2,0,10498,10498,0
0,2001,2,1,10499,10499,0
0,2001,2,0,10500,10500,0
0,1999,2,2,10500,10500,0
1,2002,2,1,10511,10511,0
6,1996,2,2,10523,10523,0
1,2002,2,0,10550,10550,0
1,1030,2,0,10551,10551,0
1,1030,2,1,10551,10551,0
0,2001,2,1,10558,10558,0
1,2002,2,1,10558,10558,0
0,2001,2,0,10558,10558,0
0,1999,2,2,10558,10558,0
1,2002,2,0,10563,10563,0
6,1996,2,2,10579,10579,0
3,1030,2,0,10609,10609,0
0,2001,2,1,10612,10612,0
0,2001,2,0,10612,10612,0
1,2002,2,0,10613,10613,0
3,1030,2,0,10613,10613,0
1,2002,2,1,10613,10613,0
0,2001,2,0,10617,10617,0
0,1999,2,2,10627,10627,0
6,1996,2,2,10641,10641,0
0,2001,2,1,10668,10668,0
3,1030,2,1,10669,10669,0
1,2002,2,0,10671,10671,0
0,2001,2,1,10673,10673,0
0,2001,2,0,10673,10673,0
0,1999,2,2,10673,10673,0
1,2002,2,1,10674,10674,0
6,1996,2,2,10678,10678,0
0,2001,2,1,10705,10705,0
0,2001,2,0,10705,10705,0
3,1030,2,0,10706,10706,0
1,2002,2,0,10706,10706,0
0,2001,2,0,10709,10709,0
1,2002,2,1,10709,10709,0
0,1999,2,2,10709,10709,0
6,1996,2,2,10712,10712,0
1,2002,2,0,10740,10740,0
0,2001,2,1,10741,10741,0
3,1030,2,1,10742,10742,0
3,1030,2,1,10743,10747,3
0,2001,2,1,10747,10747,0
3,1030,2,1,10747,10747,0
3,1030,2,1,10747,10747,0
1,2002,2,1,10748,10748,0
3,1030,2,1,10748,10748,0
0,2001,2,1,10752,10752,0
0,2001,2,0,10752,10752,0
0,1999,2,2,10759,10759,0
6,1996,2,2,10765,10765,0
3,1030,2,0,10788,10788,0
1,2002,2,0,10797,10797,0
0,2001,2,1,10800,10800,0
0,2001,2,0,10801,10801,0
1,2002,2,1,10804,10804,0
0,1999,2,2,10804,10804,0
6,1996,2,2,10824,10824,0
3,1030,2,0,10841,10841,0
3,1030,2,0,10843,10843,0
3,1030,2,0,10845,10845,0
3,1030,2,0,10847,10847,0
3,1030,2,0,10849,10849,0
1,2002,2,1,10852,10852,0
1,1030,2,0,10852,10852,0
1,1030,2,1,10852,10852,0
1,2002,2,0,10871,10871,0
1,2002,2,1,10871,10871,0
0,2001,2,1,10871,10871,0
0,2001,2,0,10872,10872,0
0,1999,2,2,10872,10872,0
6,1996,2,2,10897,10897,0
1,2002,2,0,10918,10918,0
1,1030,2,0,10919,10919,0
1,1030,2,1,10919,10919,0
1,2002,2,0,10922,10922,0
0,2001,2,1,10923,10923,0
1,1030,2,0,10923,10923,0
1,1030,2,1,10923,10923,0
0,2001,2,0,10924,10924,0
0,1999,2,2,10924,10924,0
1,2002,2,1,10924,10924,0
1,2002,2,0,10927,10927,0
6,1996,2,2,10938,10938,0
1,2002,2,0,10962,10962,0
3,1030,2,1,10962,10962,0
0,2001,2,1,10964,10964,0
0,2001,2,0,10964,10964,0
1,2002,2,1,10964,10964,0
0,1999,2,2,10964,10964,0
6,1996,2,2,10968,10968,0
1,2002,2,0,10993,10993,0
0,2001,2,1,10994,10994,0
1,2002,2,1,10994,10994,0
0,2001,2,0,10994,10994,0
0,1999,2,2,10995,10995,0
6,1996,2,2,10999,10999,0
1,2002,2,0,11023,11023,0
0,2001,2,1,11024,11024,0
1,2002,2,1,11025,11025,0
0,2001,2,0,11025,11025,0
0,1999,2,2,11025,11025,0
6,1996,2,2,11029,11029,0
1,2002,2,0,11055,11055,0
0,2001,2,1,11055,11055,0
1,2002,2,1,11055,11055,0
0,2001,2,0,11056,11056,0
0,1999,2,2,11056,11056,0
6,1996,2,2,11060,11060,0
1,2002,2,0,11085,11085,0
0,2001,2,1,11085,11085,0
0,2001,2,0,11085,11085,0
1,2002,2,1,11086,11086,0
0,1999,2,2,11086,11086,0
6,1996,2,2,11091,11091,0
1,2002,2,0,11115,11115,0
0,2001,2,1,11116,11116,0
0,2001,2,0,11117,11117,0
1,2002,2,1,11117,11117,0
0,1999,2,2,11117,11117,0
6,1996,2,2,11121,11121,0
1,2002,2,0,11146,11146,0
1,2002,2,1,11147,11147,0
0,2001,2,1,11147,11147,0
0,2001,2,0,11147,11147,0
0,1999,2,2,11148,11148,0
6,1996,2,2,11151,11151,0
1,2002,2,1,11176,11176,0
1,2002,2,0,11177,11177,0
0,2001,2,1,11177,11177,0
0,2001,2,0,11177,11177,0
0,1999,2,2,11177,11177,0
6,1996,2,2,11182,11182,0
0,2001,2,1,11203,11203,0
1,2002,2,0,11205,11205,0
3,1030,2,1,11207,11207,0
3,1030,2,0,11207,11207,0
0,2001,2,1,11207,11207,0
1,2002,2,1,11208,11208,0
0,2001,2,0,11208,11208,0
0,1999,2,2,11208,11208,0
6,1996,2,2,11212,11212,0
1,2002,2,0,11234,11234,0
3,1030,2,1,11235,11235,0
0,2001,2,1,11235,11235,0
0,2001,2,0,11236,11236,0
0,1999,2,2,11236,11236,0
1,2002,2,1,11239,11240,0
6,1996,2,2,11259,11259,0
3,1030,2,0,11281,11281,0
1,2002,2,0,11282,11282,0
1,2002,2,1,11283,11283,0
0,2001,2,1,11286,11286,0
0,2001,2,0,11286,11286,0
0,1999,2,2,11287,11287,0
6,1996,2,2,11290,11290,0
1,2002,2,0,11314,11314,0
1,1030,2,0,11314,11314,0
1,1030,2,1,11314,11314,0
1,2002,2,1,11315,11315,0
1,1030,2,0,11315,11315,0
1,1030,2,1,11315,11315,0
1,2002,2,0,11317,11317,0
1,1030,2,0,11317,11317,0
1,1030,2,1,11317,11317,0
1,2002,2,1,11318,11318,0
1,1030,2,0,11318,11318,0
1,1030,2,1,11318,11318,0
1,2002,2,0,11320,11320,0
0,2001,2,1,11321,11321,0
1,2002,2,1,11321,11321,0
0,2001,2,0,11321,11321,0
0,1999,2,2,11321,11321,0
6,1996,2,2,11323,11323,0
0,2001,2,1,11348,11348,0
3,1030,2,1,11349,11349,0
1,2002,2,0,11350,11350,0
1,2002,2,1,11351,11351,0
0,2001,2,1,11366,11366,0
0,2001,2,0,11367,11367,0
0,1999,2,2,11368,11368,0
6,1996,2,2,11372,11372,0
0,2001,2,1,11388,11388,0
3,1030,2,1,11390,11390,0
0,2001,2,1,11391,11391,0
3,1030,2,0,11397,11397,0
3,1030,2,0,11399,11399,0
3,1030,2,0,11402,11402,0
0,2001,2,0,11402,11402,0
3,1030,2,0,11403,11403,0
1,2002,2,1,11404,11404,0
1,2002,2,0,11405,11405,0
0,2001,2,0,11406,11406,0
0,1999,2,2,11406,11406,0
6,1996,2,2,11409,11409,0
0,2001,2,1,11429,11429,0
3,1030,2,1,11430,11430,0
0,2001,2,1,11432,11432,0
3,1030,2,1,11433,11433,0
0,2001,2,1,11435,11436,0
3,1030,2,1,11437,11437,0
0,2001,2,1,11438,11438,0
3,1030,2,1,11439,11439,0
0,2001,2,1,11441,11441,0
3,1030,2,1,11442,11442,0
3,1030,2,0,11445,11445,0
1,2002,2,0,11445,11445,0
0,2001,2,1,11445,11445,0
0,2001,2,0,11445,11446,0
0,1999,2,2,11446,11446,0
1,2002,2,1,11448,11448,0
6,1996,2,2,11483,11483,0
1,2002,2,0,11498,11498,0
1,1030,2,0,11499,11499,0
1,1030,2,1,11499,11499,0
1,2002,2,0,11501,11501,0
1,1030,2,0,11502,11502,0
1,1030,2,1,11502,11502,0
1,2002,2,0,11504,11504,0
1,1030,2,0,11505,11505,0
1,1030,2,1,11505,11505,0
1,2002,2,0,11507,11507,0
1,1030,2,0,11507,11507,0
0,2001,2,1,11514,11514,0
1,1030,2,1,11507,11514,6
1,2002,2,1,11514,11514,0
1,2002,2,0,11514,11514,0
0,2001,2,0,11514,11514,0
0,1999,2,2,11514,11514,0
6,1996,2,2,11528,11528,0
0,2001,2,1,11550,11550,0
0,2001,2,0,11560,11560,0
3,1030,2,0,11560,11560,0
1,2002,2,0,11562,11562,0
1,2002,2,1,11563,11563,0
0,2001,2,0,11565,11565,0
0,1999,2,2,11565,11565,0
3,1030,2,0,11565,11565,0
6,1996,2,2,11572,11572,0
1,2002,2,0,11595,11595,0
1,1030,2,0,11596,11596,0
1,1030,2,1,11596,11596,0
1,2002,2,1,11608,11608,0
0,2001,2,1,11608,11608,0
0,2001,2,0,11608,11608,0
0,1999,2,2,11610,11610,0
1,2002,2,0,11623,11623,0
6,1996,2,2,11638,11638,0
0,2001,2,1,11658,11658,0
3,1030,2,1,11660,11660,0
1,2002,2,0,11660,11660,0
0,2001,2,1,11662,11662,0
1,2002,2,1,11663,11663,0
0,2001,2,0,11663,11663,0
0,1999,2,2,11663,11663,0
6,1996,2,2,11679,11679,0
1,2002,2,0,11698,11698,0
1,1030,2,0,11698,11698,0
1,1030,2,1,11698,11698,0
1,2002,2,0,11700,11700,0
0,2001,2,1,11702,11702,0
1,2002,2,1,11735,11735,0
0,2001,2,0,11735,11735,0
0,1999,2,2,11736,11736,0
6,1996,2,2,11760,11760,0
1,2002,2,0,11782,11782,0
1,1030,2,0,11783,11783,0
1,1030,2,1,11783,11783,0
1,2002,2,0,11785,11785,0
1,1030,2,0,11786,11786,0
1,1030,2,1,11786,11786,0
1,2002,2,1,11786,11786,0
0,2001,2,1,11787,11788,0
0,2001,2,0,11788,11788,0
0,1999,2,2,11788,11788,0
1,2002,2,0,11789,11789,0
6,1996,2,2,11795,11795,0
0,2001,2,1,11819,11819,0
0,2001,2,0,11819,11819,0
1,2002,2,0,11832,11832,0
1,2002,2,1,11832,11832,0
0,1999,2,2,11832,11832,0
6,1996,2,2,11840,11840,0
0,2001,2,1,11861,11861,0
3,1030,2,0,11862,11862,0
1,2002,2,1,11864,11864,0
3,1030,2,1,11864,11864,0
0,2001,2,1,11864,11864,0
0,2001,2,0,11864,11864,0
0,1999,2,2,11865,11865,0
1,2002,2,0,11866,11866,0
6,1996,2,2,11871,11871,0
0,2001,2,1,11889,11889,0
3,1030,2,1,11890,11891,0
0,2001,2,1,11892,11892,0
1,2002,2,0,11907,11907,0
0,2001,2,0,11907,11907,0
1,2002,2,1,11908,11908,0
0,1999,2,2,11908,11908,0
6,1996,2,2,11927,11927,0
0,2001,2,1,11947,11947,0
3,1030,2,0,11947,11947,0
1,2002,2,0,11951,11951,0
0,2001,2,0,11951,11951,0
0,1999,2,2,11952,11952,0
1,2002,2,1,11953,11953,0
6,1996,2,2,11978,11978,0
0,2001,2,1,11998,11998,0
3,1030,2,1,11999,11999,0
0,2001,2,1,12000,12000,0
1,2002,2,0,12011,12011,0
3,1030,2,1,12012,12012,0
1,2002,2,1,12013,12013,0
0,2001,2,1,12014,12014,0
0,2001,2,0,12014,12014,0
0,1999,2,2,12014,12014,0
6,1996,2,2,12039,12039,0
0,2001,2,1,12064,12064,0
0,2001,2,0,12064,12064,0
0,1999,2,2,12064,12064,0
1,2002,2,0,12064,12064,0
1,2002,2,1,12066,12066,0
6,1996,2,2,12097,12097,0
0,2001,2,1,12121,12121,0
0,2001,2,0,12121,12121,0
0,1999,2,2,12144,12144,0
1,2002,2,0,12144,12144,0
1,2002,2,1,12144,12144,0
6,1996,2,2,12152,12152,0
0,2001,2,1,12176,12176,0
1,2002,2,0,12176,12176,0
3,1030,2,1,12177,12177,0
3,1030,2,1,12177,12178,0
0,2001,2,1,12180,12180,0
0,2001,2,0,12180,12180,0
0,1999,2,2,12180,12180,0
1,2002,2,1,12182,12182,0
6,1996,2,2,12191,12191,0
3,1030,2,0,12216,12216,0
1,2002,2,0,12216,12216,0
1,1030,2,0,12217,12217,0
1,1030,2,1,12217,12217,0
1,2002,2,1,12219,12219,0
1,1030,2,0,12220,12220,0
1,1030,2,1,12220,12220,0
1,2002,2,0,12220,12220,0
1,1030,2,0,12221,12221,0
1,1030,2,1,12221,12221,0
1,2002,2,1,12223,12223,0
0,2001,2,1,12226,12226,0
0,2001,2,0,12226,12226,0
0,1999,2,2,12227,12227,0
1,2002,2,0,12230,12230,0
6,1996,2,2,12235,12235,0
3,1030,2,0,12260,12260,0
1,2002,2,0,12261,12261,0
1,1030,2,0,12262,12262,0
1,1030,2,1,12262,12262,0
1,2002,2,1,12263,12263,0
1,1030,2,0,12264,12264,0
1,1030,2,1,12264,12264,0
1,2002,2,0,12265,12265,0
1,2002,2,1,12266,12266,0
0,2001,2,1,12267,12268,0
0,2001,2,0,12268,12268,0
0,1999,2,2,12278,12278,0
6,1996,2,2,12291,12291,0
1,2002,2,0,12323,12323,0
1,2002,2,1,12323,12323,0
3,1030,2,0,12324,12324,0
3,1030,2,0,12324,12324,0
0,2001,2,1,12340,12340,0
0,2001,2,0,12341,12341,0
0,1999,2,2,12342,12342,0
6,1996,2,2,12363,12363,0
0,2001,2,1,12385,12385,0
3,1030,2,1,12386,12386,0
1,2002,2,0,12387,12387,0
1,2002,2,1,12387,12387,0
0,2001,2,1,12401,12401,0
0,2001,2,0,12401,12401,0
0,1999,2,2,12401,12401,0
6,1996,2,2,12405,12405,0
1,2002,2,1,12443,12443,0
1,2002,2,0,12443,12443,0
0,2001,2,1,12443,12444,0
0,2001,2,0,12444,12444,0
0,1999,2,2,12444,12444,0
6,1996,2,2,12470,12470,0
1,2002,2,1,12494,12494,0
1,1030,2,0,12494,12494,0
1,1030,2,1,12494,12494,0
0,2001,2,1,12514,12514,0
1,2002,2,0,12514,12514,0
1,2002,2,1,12514,12514,0
0,2001,2,0,12514,12514,0
0,1999,2,2,12514,12514,0
6,1996,2,2,12544,12544,0
0,2001,2,1,12565,12565,0
3,1030,2,1,12566,12569,3
1,2002,2,0,12583,12583,0
1,2002,2,1,12583,12583,0
0,2001,2,1,12586,12586,0
0,2001,2,0,12587,12587,0
0,1999,2,2,12587,12587,0
6,1996,2,2,12591,12591,0
1,2002,2,0,12615,12615,0
0,2001,2,1,12633,12633,0
1,1030,2,0,12634,12634,0
1,1030,2,1,12634,12634,0
3,1030,2,1,12635,12635,0
1,2002,2,1,12635,12635,0
1,2002,2,0,12638,12638,0
0,2001,2,1,12640,12640,0
0,2001,2,0,12643,12643,0
0,1999,2,2,12643,12643,0
6,1996,2,2,12666,12666,0
1,2002,2,0,12684,12684,0
1,1030,2,0,12688,12688,0
1,1030,2,1,12688,12688,0
0,2001,2,1,12689,12689,0
0,2001,2,0,12689,12689,0
0,1999,2,2,12690,12690,0
1,2002,2,0,12690,12691,0
1,2002,2,1,12691,12691,0
6,1996,2,2,12695,12695,0
0,2001,2,1,12716,12716,0
1,2002,2,0,12727,12727,0
3,1030,2,0,12728,12728,0
1,2002,2,1,12743,12743,0
3,1030,2,1,12743,12743,0
0,2001,2,1,12747,12747,0
0,2001,2,0,12775,12775,0
0,1999,2,2,12776,12776,0
6,1996,2,2,12800,12800,0
3,1030,2,0,12822,12822,0
1,2002,2,0,12824,12824,0
1,1030,2,0,12825,12825,0
1,1030,2,1,12825,12825,0
1,2002,2,0,12828,12828,0
0,2001,2,1,12828,12828,0
1,2002,2,1,12843,12843,0
0,2001,2,0,12843,12844,0
0,1999,2,2,12851,12851,0
6,1996,2,2,12855,12855,0
0,2001,2,1,12881,12881,0
0,2001,2,0,12881,12881,0
1,2002,2,1,12881,12881,0
0,1999,2,2,12881,12881,0
1,2002,2,0,12882,12882,0
6,1996,2,2,12890,12890,0
0,2001,2,1,12912,12912,0
1,2002,2,0,12914,12914,0
1,2002,2,1,12927,12927,0
3,1030,2,1,12928,12928,0
0,2001,2,1,12932,12932,0
0,2001,2,0,12932,12932,0
0,1999,2,2,12932,12932,0
6,1996,2,2,12936,12936,0
1,2002,2,1,12960,12960,0
0,2001,2,1,12961,12961,0
0,2001,2,0,12961,12961,0
0,1999,2,2,12961,12961,0
1,2002,2,0,12971,12971,0
6,1996,2,2,12992,12992,0
0,2001,2,1,13016,13016,0
3,1030,2,1,13017,13017,0
0,2001,2,1,13020,13020,0
3,1030,2,0,13029,13029,0
0,2001,2,0,13029,13029,0
0,1999,2,2,13044,13044,0
1,2002,2,0,13045,13045,0
1,2002,2,1,13045,13045,0
6,1996,2,2,13075,13076,0
3,1030,2,0,13100,13100,0
1,2002,2,0,13102,13102,0
1,1030,2,0,13102,13102,0
1,1030,2,1,13102,13102,0
1,2002,2,1,13103,13103,0
0,2001,2,1,13104,13104,0
0,2001,2,0,13104,13104,0
1,2002,2,0,13114,13114,0
0,1999,2,2,13114,13114,0
6,1996,2,2,13128,13128,0
0,2001,2,1,13152,13152,0
1,2002,2,0,13156,13157,0
1,2002,2,1,13163,13163,0
0,2001,2,0,13164,13164,0
0,1999,2,2,13164,13164,0
6,1996,2,2,13183,13183,0
0,2001,2,1,13207,13207,0
0,2001,2,0,13208,13208,0
3,1030,2,0,13209,13209,0
1,2002,2,0,13209,13209,0
1,2002,2,1,13211,13211,0
0,2001,2,0,13212,13212,0
0,1999,2,2,13212,13212,0
6,1996,2,2,13216,13216,0
1,2002,2,0,13242,13242,0
1,2002,2,1,13242,13242,0
0,2001,2,1,13243,13243,0
0,2001,2,0,13243,13243,0
0,1999,2,2,13256,13256,0
6,1996,2,2,13261,13261,0
1,2002,2,1,13287,13287,0
1,1030,2,0,13287,13287,0
1,1030,2,1,13287,13287,0
1,2002,2,0,13287,13287,0
1,1030,2,0,13288,13288,0
1,1030,2,1,13288,13288,0
1,2002,2,1,13290,13290,0
1,1030,2,0,13290,13290,0
1,1030,2,1,13290,13290,0
1,2002,2,0,13293,13293,0
0,2001,2,1,13294,13294,0
0,2001,2,0,13294,13294,0
1,2002,2,1,13296,13296,0
0,1999,2,2,13296,13296,0
6,1996,2,2,13316,13316,0
0,2001,2,1,13335,13335,0
1,2002,2,0,13344,13344,0
0,2001,2,0,13345,13345,0
0,1999,2,2,13345,13345,0
1,2002,2,1,13347,13347,0
6,1996,2,2,13356,13356,0
0,2001,2,1,13375,13375,0
1,2002,2,0,13385,13385,0
1,2002,2,1,13385,13385,0
0,2001,2,1,13389,13389,0
3,1030,2,1,13395,13395,0
0,2001,2,0,13402,13402,0
0,1999,2,2,13402,13402,0
6,1996,2,2,13405,13405,0
0,2001,2,1,13427,13427,0
3,1030,2,1,13428,13428,0
0,2001,2,1,13430,13431,0
0,2001,2,0,13431,13431,0
3,1030,2,0,13431,13432,0
1,2002,2,0,13432,13432,0
1,2002,2,1,13443,13444,0
0,2001,2,0,13447,13447,0
0,1999,2,2,13447,13447,0
6,1996,2,2,13451,13451,0
1,2002,2,0,13477,13477,0
1,1030,2,0,13477,13477,0
1,1030,2,1,13477,13477,0
1,2002,2,1,13477,13477,0
1,1030,2,0,13478,13478,0
1,1030,2,1,13478,13478,0
1,2002,2,0,13480,13480,0
1,2002,2,1,13480,13480,0
0,2001,2,1,13497,13497,0
0,2001,2,0,13503,13503,0
0,1999,2,2,13509,13509,0
6,1996,2,2,13539,13539,0
1,2002,2,0,13553,13553,0
1,1030,2,0,13554,13554,0
1,1030,2,1,13554,13554,0
0,2001,2,1,13558,13558,0
0,2001,2,0,13558,13558,0
1,2002,2,1,13558,13558,0
0,1999,2,2,13572,13572,0
1,2002,2,0,13574,13574,0
6,1996,2,2,13592,13592,0
0,2001,2,1,13611,13611,0
3,1030,2,1,13612,13612,0
0,2001,2,1,13615,13615,0
3,1030,2,1,13616,13616,0
1,2002,2,1,13617,13617,0
1,2002,2,0,13618,13618,0
0,2001,2,1,13626,13626,0
0,2001,2,0,13626,13626,0
0,1999,2,2,13627,13627,0
6,1996,2,2,13631,13631,0
3,1030,2,0,13655,13655,0
0,2001,2,1,13664,13664,0
0,2001,2,0,13667,13667,0
1,2002,2,1,13684,13684,0
3,1030,2,0,13685,13685,0
1,2002,2,0,13685,13685,0
0,2001,2,0,13688,13688,0
0,1999,2,2,13688,13688,0
6,1996,2,2,13705,13705,0
1,2002,2,0,13728,13728,0
1,1030,2,0,13728,13728,0
1,1030,2,1,13728,13728,0
1,2002,2,0,13732,13732,0
1,2002,2,1,13732,13732,0
0,2001,2,1,13744,13744,0
0,2001,2,0,13744,13744,0
0,1999,2,2,13744,13744,0
6,1996,2,2,13767,13767,0
1,2002,2,0,13788,13788,0
1,1030,2,0,13789,13789,0
1,1030,2,1,13789,13789,0
1,2002,2,0,13790,13790,0
1,1030,2,0,13791,13791,0
1,1030,2,1,13791,13791,0
1,2002,2,0,13793,13793,0
1,1030,2,0,13794,13794,0
1,1030,2,1,13794,13794,0
1,2002,2,1,13794,13794,0
1,1030,2,0,13795,13795,0
1,1030,2,1,13795,13795,0
0,2001,2,1,13795,13795,0
0,2001,2,0,13795,13795,0
0,1999,2,2,13795,13795,0
1,2002,2,1,13797,13797,0
1,2002,2,0,13799,13799,0
6,1996,2,2,13818,13818,0
0,2001,2,1,13833,13833,0
0,2001,2,1,13837,13837,0
3,1030,2,1,13834,13837,3
3,1030,2,1,13838,13838,0
0,2001,2,1,13842,13842,0
0,2001,2,0,13842,13842,0
1,2002,2,1,13843,13843,0
3,1030,2,0,13843,13843,0
1,2002,2,0,13843,13843,0
0,2001,2,0,13847,13847,0
0,1999,2,2,13870,13870,0
6,1996,2,2,13876,13876,0
0,2001,2,1,13901,13901,0
1,2002,2,1,13901,13901,0
1,2002,2,0,13901,13901,0
0,2001,2,0,13901,13901,0
0,1999,2,2,13901,13901,0
6,1996,2,2,13905,13905,0
0,2001,2,1,13926,13926,0
3,1030,2,1,13927,13927,0
3,1030,2,0,13928,13928,0
1,2002,2,0,13928,13928,0
0,2001,2,1,13929,13929,0
0,2001,2,0,13929,13929,0
0,1999,2,2,13930,13930,0
1,2002,2,1,13930,13930,0
6,1996,2,2,13942,13942,0
0,2001,2,1,13963,13963,0
3,1030,2,1,13964,13964,0
0,2001,2,1,13965,13965,0
0,2001,2,0,13972,13972,0
1,2002,2,0,13973,13973,0
0,1999,2,2,13973,13973,0
1,2002,2,1,13973,13973,0
6,1996,2,2,13990,13990,0
1,2002,2,0,14012,14012,0
3,1030,2,1,14013,14013,0
0,2001,2,1,14013,14013,0
3,1030,2,1,14020,14022,1
3,1030,2,1,14022,14022,0
0,2001,2,1,14022,14022,0
3,1030,2,1,14024,14024,0
1,2002,2,1,14025,14025,0
0,2001,2,1,14027,14027,0
0,2001,2,0,14027,14027,0
0,1999,2,2,14027,14027,0
6,1996,2,2,14030,14030,0
1,2002,2,0,14056,14056,0
0,2001,2,1,14057,14057,0
0,2001,2,0,14057,14057,0
0,1999,2,2,14057,14057,0
1,2002,2,1,14080,14080,0
6,1996,2,2,14095,14095,0
1,2002,2,1,14110,14110,0
1,1030,2,0,14111,14111,0
1,1030,2,1,14111,14111,0
1,2002,2,0,14111,14111,0
1,1030,2,0,14112,14112,0
1,1030,2,1,14112,14112,0
1,2002,2,0,14114,14114,0
1,1030,2,0,14116,14116,0
1,1030,2,1,14116,14116,0
0,2001,2,1,14116,14116,0
0,2001,2,0,14116,14116,0
0,1999,2,2,14116,14116,0
1,2002,2,0,14118,14118,0
1,2002,2,1,14128,14128,0
6,1996,2,2,14143,14143,0
3,1030,2,0,14156,14156,0
0,2001,2,1,14165,14165,0
0,2001,2,0,14165,14165,0
1,2002,2,1,14165,14165,0
1,2002,2,0,14165,14165,0
0,1999,2,2,14165,14165,0
6,1996,2,2,14168,14168,0
0,2001,2,1,14189,14189,0
3,1030,2,1,14190,14190,0
3,1030,2,0,14192,14192,0
0,2001,2,1,14192,14192,0
1,2002,2,0,14199,14199,0
0,2001,2,0,14208,14208,0
0,1999,2,2,14220,14220,0
1,2002,2,1,14220,14220,0
6,1996,2,2,14235,14235,0
0,2001,2,1,14258,14258,0
3,1030,2,1,14258,14258,0
0,2001,2,1,14261,14261,0
0,2001,2,0,14261,14261,0
3,1030,2,0,14262,14262,0
3,1030,2,0,14267,14267,0
0,2001,2,0,14269,14269,0
3,1030,2,0,14270,14270,0
1,2002,2,0,14276,14276,0
0,2001,2,0,14278,14278,0
0,1999,2,2,14278,14278,0
1,2002,2,1,14285,14285,0
6,1996,2,2,14289,14289,0
1,2002,2,0,14309,14309,0
1,1030,2,0,14309,14309,0
1,1030,2,1,14309,14309,0
1,2002,2,0,14311,14311,0
1,1030,2,0,14312,14312,0
1,1030,2,1,14312,14312,0
0,2001,2,1,14314,14314,0
3,1030,2,1,14315,14315,0
1,2002,2,0,14317,14317,0
0,2001,2,1,14318,14318,0
1,2002,2,1,14327,14327,0
0,2001,2,0,14328,14328,0
0,1999,2,2,14328,14328,0
6,1996,2,2,14346,14346,0
1,2002,2,0,14370,14370,0
0,2001,2,1,14372,14372,0
1,1030,2,0,14372,14372,0
1,1030,2,1,14372,14372,0
1,2002,2,0,14382,14382,0
1,2002,2,1,14382,14382,0
3,1030,2,1,14382,14382,0
0,2001,2,1,14384,14384,0
0,2001,2,0,14385,14385,0
0,1999,2,2,14400,14400,0
6,1996,2,2,14410,14410,0
3,1030,2,0,14430,14430,0
1,2002,2,0,14455,14455,0
0,2001,2,1,14455,14455,0
1,1030,2,0,14456,14456,0
1,1030,2,1,14456,14456,0
1,2002,2,1,14456,14456,0
0,2001,2,0,14456,14456,0
0,1999,2,2,14457,14457,0
1,2002,2,0,14462,14462,0
6,1996,2,2,14483,14483,0
3,1030,2,0,14506,14506,0
3,1030,2,0,14515,14515,0
0,2001,2,1,14516,14516,0
1,2002,2,0,14520,14520,0
0,2001,2,0,14523,14523,0
0,1999,2,2,14523,14523,0
1,2002,2,1,14524,14524,0
6,1996,2,2,14555,14555,0
0,2001,2,1,14581,14581,0
0,2001,2,0,14581,14581,0
1,2002,2,0,14582,14582,0
3,1030,2,0,14582,14582,0
1,2002,2,1,14583,14583,0
0,2001,2,0,14584,14584,0
0,1999,2,2,14584,14584,0
6,1996,2,2,14587,14587,0
1,2002,2,0,14606,14606,0
1,1030,2,0,14607,14607,0
1,1030,2,1,14607,14607,0
1,2002,2,0,14610,14610,0
3,1030,2,1,14610,14610,0
0,2001,2,1,14612,14612,0
0,2001,2,0,14612,14612,0
1,2002,2,1,14612,14612,0
0,1999,2,2,14612,14612,0
6,1996,2,2,14625,14625,0
1,2002,2,0,14649,14649,0
1,1030,2,0,14650,14650,0
1,1030,2,1,14650,14650,0
1,2002,2,1,14650,14650,0
1,1030,2,0,14650,14650,0
1,1030,2,1,14650,14650,0
1,2002,2,0,14652,14652,0
1,2002,2,1,14653,14653,0
0,2001,2,1,14653,14653,0
0,2001,2,0,14654,14654,0
0,1999,2,2,14658,14658,0
6,1996,2,2,14680,14680,0
0,2001,2,1,14706,14706,0
0,2001,2,0,14706,14706,0
1,2002,2,0,14710,14710,0
3,1030,2,0,14724,14724,0
0,2001,2,0,14727,14727,0
1,2002,2,1,14727,14727,0
0,1999,2,2,14728,14728,0
6,1996,2,2,14756,14756,0
1,2002,2,0,14780,14780,0
1,1030,2,0,14780,14780,0
1,1030,2,1,14780,14780,0
1,2002,2,0,14782,14782,0
1,1030,2,0,14783,14783,0
1,1030,2,1,14783,14783,0
1,2002,2,0,14785,14785,0
1,1030,2,0,14785,14785,0
1,1030,2,1,14785,14785,0
1,2002,2,1,14787,14787,0
1,2002,2,0,14788,14788,0
0,2001,2,1,14791,14791,0
0,2001,2,0,14807,14807,0
0,1999,2,2,14807,14807,0
6,1996,2,2,14818,14818,0
1,2002,2,0,14847,14847,0
1,1030,2,0,14848,14848,0
1,1030,2,1,14848,14848,0
1,2002,2,1,14848,14848,0
1,1030,2,0,14849,14849,0
1,1030,2,1,14849,14849,0
0,2001,2,1,14850,14850,0
1,2002,2,0,14850,14850,0
0,2001,2,0,14851,14851,0
0,1999,2,2,14851,14851,0
1,2002,2,1,14853,14853,0
6,1996,2,2,14909,14909,0
0,2001,2,1,14921,14921,0
3,1030,2,1,14935,14935,0
3,1030,2,0,14935,14935,0
0,2001,2,1,14938,14938,0
0,2001,2,0,14938,14939,0
0,1999,2,2,14939,14939,0
1,2002,2,0,14939,14939,0
1,2002,2,1,14939,14940,0
6,1996,2,2,14955,14955,0
0,2001,2,1,14970,14970,0
3,1030,2,1,14971,14971,0
0,2001,2,1,14981,14981,0
0,2001,2,0,14981,14981,0
1,2002,2,0,14981,14983,1
3,1030,2,0,15000,15000,0
1,2002,2,1,15000,15000,0
0,2001,2,0,15002,15002,0
0,1999,2,2,15002,15002,0
6,1996,2,2,15005,15005,0
0,2001,2,1,15025,15025,0
3,1030,2,1,15026,15026,0
0,2001,2,1,15029,15029,0
3,1030,2,1,15030,15030,0
0,2001,2,1,15032,15032,0
1,2002,2,0,15033,15033,0
3,1030,2,1,15033,15033,0
1,2002,2,1,15035,15035,0
0,2001,2,1,15036,15036,0
0,2001,2,0,15036,15036,0
0,1999,2,2,15036,15036,0
6,1996,2,2,15052,15052,0
3,1030,2,0,15076,15076,0
1,2002,2,0,15078,15078,0
1,2002,2,1,15078,15078,0
0,2001,2,1,15079,15079,0
0,2001,2,0,15080,15080,0
0,1999,2,2,15080,15080,0
6,1996,2,2,15105,15105,0
0,2001,2,1,15130,15130,0
0,2001,2,0,15130,15130,0
1,2002,2,1,15140,15140,0
1,2002,2,0,15140,15140,0
3,1030,2,0,15140,15140,0
0,2001,2,0,15142,15142,0
0,1999,2,2,15143,15143,0
6,1996,2,2,15167,15167,0
1,2002,2,0,15189,15189,0
1,1030,2,0,15190,15190,0
1,1030,2,1,15190,15190,0
0,2001,2,1,15192,15192,0
1,2002,2,0,15193,15193,0
3,1030,2,1,15197,15197,0
1,2002,2,1,15203,15203,0
0,2001,2,1,15203,15203,0
0,2001,2,0,15204,15204,0
0,1999,2,2,15219,15219,0
6,1996,2,2,15223,15223,0
3,1030,2,0,15241,15241,0
1,2002,2,0,15245,15245,0
1,1030,2,0,15245,15245,0
1,1030,2,1,15245,15245,0
3,1030,2,0,15245,15245,0
1,2002,2,0,15248,15248,0
1,2002,2,1,15248,15248,0
0,2001,2,1,15249,15249,0
0,2001,2,0,15250,15250,0
0,1999,2,2,15250,15250,0
6,1996,2,2,15253,15253,0
1,2002,2,1,15276,15276,0
1,2002,2,0,15277,15277,0
0,2001,2,1,15278,15278,0
0,2001,2,0,15278,15278,0
0,1999,2,2,15278,15278,0
6,1996,2,2,15295,15295,0
1,2002,2,1,15319,15319,0
1,2002,2,0,15320,15320,0
0,2001,2,1,15321,15321,0
0,2001,2,0,15321,15321,0
0,1999,2,2,15321,15321,0
6,1996,2,2,15326,15326,0
1,2002,2,1,15349,15349,0
1,1030,2,0,15350,15350,0
1,1030,2,1,15350,15350,0
0,2001,2,1,15350,15350,0
1,2002,2,0,15351,15351,0
0,2001,2,0,15351,15351,0
0,1999,2,2,15351,15351,0
1,2002,2,1,15359,15359,0
6,1996,2,2,15364,15364,0
1,2002,2,0,15388,15388,0
0,2001,2,1,15388,15388,0
0,2001,2,0,15388,15388,0
0,1999,2,2,15388,15388,0
1,2002,2,1,15391,15391,0
6,1996,2,2,15394,15395,0
1,2002,2,0,15419,15419,0
0,2001,2,1,15419,15419,0
0,2001,2,0,15419,15419,0
0,1999,2,2,15419,15419,0
1,2002,2,1,15421,15421,0
6,1996,2,2,15425,15425,0
0,2001,2,1,15448,15448,0
0,2001,2,0,15448,15448,0
1,2002,2,0,15449,15449,0
0,1999,2,2,15449,15449,0
1,2002,2,1,15451,15451,0
6,1996,2,2,15455,15455,0
1,2002,2,0,15478,15479,0
0,2001,2,1,15479,15479,0
0,2001,2,0,15479,15479,0
0,1999,2,2,15480,15480,0
1,2002,2,1,15482,15482,0
6,1996,2,2,15485,15486,0
1,2002,2,0,15509,15509,0
0,2001,2,1,15510,15510,0
0,2001,2,0,15510,15510,0
0,1999,2,2,15510,15510,0
1,2002,2,1,15512,15512,0
6,1996,2,2,15516,15516,0
1,2002,2,0,15539,15539,0
0,2001,2,1,15540,15540,0
0,2001,2,0,15540,15540,0
0,1999,2,2,15541,15541,0
1,2002,2,1,15543,15543,0
6,1996,2,2,15547,15547,0
1,2002,2,0,15570,15570,0
0,2001,2,1,15570,15571,0
0,2001,2,0,15571,15571,0
0,1999,2,2,15571,15571,0
1,2002,2,1,15573,15573,0
6,1996,2,2,15577,15577,0
1,2002,2,0,15600,15600,0
0,2001,2,1,15602,15602,0
0,2001,2,0,15602,15602,0
0,1999,2,2,15602,15602,0
1,2002,2,1,15604,15604,0
6,1996,2,2,15608,15608,0
1,2002,2,0,15631,15631,0
0,2001,2,1,15632,15632,0
0,2001,2,0,15633,15633,0
0,1999,2,2,15633,15633,0
1,2002,2,1,15635,15635,0
6,1996,2,2,15640,15640,0
1,2002,2,0,15663,15663,0
0,2001,2,1,15664,15664,0
0,2001,2,0,15664,15664,0
0,1999,2,2,15664,15664,0
1,2002,2,1,15667,15667,0
6,1996,2,2,15671,15671,0
1,2002,2,0,15694,15695,0
0,2001,2,1,15695,15695,0
0,2001,2,0,15696,15696,0
0,1999,2,2,15696,15696,0
1,2002,2,1,15698,15698,0
6,1996,2,2,15702,15702,0
1,2002,2,0,15726,15726,0
0,2001,2,1,15726,15726,0
0,2001,2,0,15727,15727,0
0,1999,2,2,15727,15727,0
1,2002,2,1,15729,15729,0
6,1996,2,2,15733,15733,0
1,2002,2,0,15757,15757,0
0,2001,2,1,15757,15757,0
0,2001,2,0,15758,15758,0
0,1999,2,2,15758,15758,0
1,2002,2,1,15760,15760,0
6,1996,2,2,15764,15764,0
1,2002,2,1,15787,15787,0
1,2002,2,0,15788,15788,0
0,2001,2,1,15788,15788,0
0,2001,2,0,15788,15788,0
0,1999,2,2,15789,15789,0
6,1996,2,2,15792,15792,0
3,1030,2,0,15814,15814,0
1,2002,2,0,15814,15814,0
0,2001,2,1,15815,15815,0
1,1030,2,0,15815,15815,0
1,1030,2,1,15815,15815,0
0,2001,2,0,15816,15816,0
1,2002,2,1,15816,15816,0
0,1999,2,2,15816,15816,0
1,2002,2,0,15817,15817,0
6,1996,2,2,15838,15838,0
0,2001,2,1,15860,15860,0
0,2001,2,0,15860,15860,0
0,1999,2,2,15860,15860,0
1,2002,2,1,15861,15861,0
1,2002,2,0,15862,15862,0
6,1996,2,2,15865,15865,0
0,2001,2,1,15888,15888,0
0,2001,2,0,15888,15888,0
0,1999,2,2,15888,15888,0
1,2002,2,1,15888,15888,0
1,2002,2,0,15890,15890,0
6,1996,2,2,15894,15894,0
0,2001,2,1,15916,15916,0
0,2001,2,0,15916,15916,0
0,1999,2,2,15917,15917,0
1,2002,2,1,15917,15917,0
1,2002,2,0,15918,15918,0
6,1996,2,2,15923,15923,0
0,2001,2,1,15944,15944,0
0,2001,2,0,15945,15945,0
0,1999,2,2,15946,15946,0
1,2002,2,1,15946,15946,0
1,2002,2,0,15947,15947,0
6,1996,2,2,15950,15950,0
0,2001,2,1,15972,15973,0
0,2001,2,0,15973,15973,0
0,1999,2,2,15973,15973,0
1,2002,2,1,15973,15973,0
1,2002,2,0,15975,15975,0
6,1996,2,2,15979,15979,0
0,2001,2,1,16001,16001,0
0,2001,2,0,16001,16001,0
0,1999,2,2,16001,16001,0
1,2002,2,1,16002,16002,0
1,2002,2,0,16003,16003,0
6,1996,2,2,16006,16006,0
0,2001,2,1,16029,16029,0
0,2001,2,0,16029,16029,0
0,1999,2,2,16029,16029,0
1,2002,2,1,16030,16030,0
1,2002,2,0,16031,16031,0
6,1996,2,2,16035,16035,0
0,2001,2,1,16057,16057,0
0,2001,2,0,16058,16058,0
0,1999,2,2,16058,16058,0
1,2002,2,1,16058,16059,0
1,2002,2,0,16060,16060,0
6,1996,2,2,16064,16064,0
0,2001,2,1,16086,16086,0
0,2001,2,0,16086,16086,0
0,1999,2,2,16086,16086,0
1,2002,2,1,16087,16087,0
1,2002,2,0,16088,16088,0
6,1996,2,2,16092,16092,0
0,2001,2,1,16114,16114,0
0,2001,2,0,16114,16114,0
0,1999,2,2,16115,16115,0
1,2002,2,1,16115,16115,0
1,2002,2,0,16116,16116,0
6,1996,2,2,16120,16120,0
0,2001,2,1,16142,16142,0
0,2001,2,0,16142,16142,0
0,1999,2,2,16142,16142,0
1,2002,2,1,16143,16143,0
1,2002,2,0,16144,16144,0
6,1996,2,2,16148,16148,0
0,2001,2,1,16171,16171,0
0,2001,2,0,16171,16171,0
0,1999,2,2,16171,16171,0
1,2002,2,1,16171,16171,0
1,2002,2,0,16172,16172,0
6,1996,2,2,16176,16176,0
0,2001,2,1,16198,16198,0
0,2001,2,0,16198,16198,0
0,1999,2,2,16198,16198,0
1,2002,2,1,16199,16199,0
1,2002,2,0,16200,16200,0
6,1996,2,2,16203,16203,0
1,2002,2,1,16227,16227,0
0,2001,2,1,16227,16227,0
0,2001,2,0,16227,16227,0
0,1999,2,2,16227,16227,0
1,2002,2,0,16228,16228,0
6,1996,2,2,16232,16232,0
1,2002,2,1,16255,16255,0
0,2001,2,1,16255,16255,0
0,2001,2,0,16255,16255,0
0,1999,2,2,16255,16255,0
1,2002,2,0,16256,16256,0
6,1996,2,2,16260,16260,0
1,2002,2,1,16283,16283,0
0,2001,2,1,16283,16283,0
0,2001,2,0,16283,16283,0
0,1999,2,2,16283,16283,0
1,2002,2,0,16284,16284,0
6,1996,2,2,16288,16288,0
1,2002,2,1,16311,16311,0
0,2001,2,1,16311,16311,0
0,2001,2,0,16312,16312,0
0,1999,2,2,16312,16312,0
1,2002,2,0,16312,16312,0
6,1996,2,2,16316,16316,0
1,2002,2,1,16339,16339,0
0,2001,2,1,16339,16339,0
0,2001,2,0,16340,16340,0
0,1999,2,2,16340,16340,0
1,2002,2,0,16340,16340,0
6,1996,2,2,16343,16343,0
1,2002,2,1,16366,16366,0
0,2001,2,1,16366,16367,0
0,2001,2,0,16367,16367,0
0,1999,2,2,16367,16367,0
1,2002,2,0,16367,16368,0
6,1996,2,2,16371,16371,0
0,2001,2,1,16393,16393,0
0,2001,2,0,16394,16394,0
0,1999,2,2,16394,16394,0
1,2002,2,1,16394,16394,0
1,2002,2,0,16395,16395,0
6,1996,2,2,16399,16399,0
0,2001,2,1,16422,16422,0
1,2002,2,1,16422,16422,0
0,2001,2,0,16422,16422,0
0,1999,2,2,16422,16422,0
1,2002,2,0,16423,16423,0
6,1996,2,2,16427,16427,0
0,2001,2,1,16450,16450,0
0,2001,2,0,16450,16450,0
0,1999,2,2,16450,16450,0
1,2002,2,1,16450,16450,0
1,2002,2,0,16451,16451,0
6,1996,2,2,16455,16455,0
1,2002,2,1,16478,16478,0
0,2001,2,1,16478,16479,0
0,2001,2,0,16479,16479,0
0,1999,2,2,16479,16479,0
1,2002,2,0,16480,16480,0
6,1996,2,2,16483,16483,0
0,2001,2,1,16505,16505,0
0,2001,2,0,16505,16505,0
0,1999,2,2,16505,16505,0
1,2002,2,1,16506,16506,0
1,2002,2,0,16506,16506,0
6,1996,2,2,16510,16510,0
0,2001,2,1,16532,16532,0
0,2001,2,0,16533,16533,0
0,1999,2,2,16533,16533,0
1,2002,2,1,16533,16533,0
1,2002,2,0,16534,16534,0
6,1996,2,2,16538,16538,0
0,2001,2,1,16561,16561,0
0,2001,2,0,16561,16561,0
0,1999,2,2,16561,16561,0
1,2002,2,1,16561,16561,0
1,2002,2,0,16562,16562,0
6,1996,2,2,16566,16566,0
0,2001,2,1,16588,16588,0
0,2001,2,0,16588,16588,0
0,1999,2,2,16588,16588,0
1,2002,2,1,16588,16589,0
1,2002,2,0,16590,16590,0
6,1996,2,2,16593,16593,0
1,2002,2,1,16616,16616,0
0,2001,2,1,16617,16617,0
0,2001,2,0,16617,16617,0
0,1999,2,2,16617,16617,0
1,2002,2,0,16617,16617,0
6,1996,2,2,16621,16621,0
1,2002,2,1,16644,16644,0
0,2001,2,1,16644,16644,0
0,2001,2,0,16644,16644,0
0,1999,2,2,16644,16644,0
1,2002,2,0,16645,16645,0
6,1996,2,2,16648,16648,0
0,2001,2,1,16670,16670,0
0,2001,2,0,16670,16670,0
0,1999,2,2,16670,16670,0
1,2002,2,1,16671,16671,0
1,2002,2,0,16672,16672,0
6,1996,2,2,16675,16675,0
0,2001,2,1,16698,16698,0
0,2001,2,0,16698,16698,0
0,1999,2,2,16698,16698,0
1,2002,2,1,16699,16699,0
1,2002,2,0,16700,16700,0
6,1996,2,2,16703,16703,0
0,2001,2,1,16725,16725,0
0,2001,2,0,16725,16725,0
0,1999,2,2,16725,16725,0
1,2002,2,1,16726,16726,0
1,2002,2,0,16727,16727,0
6,1996,2,2,16730,16730,0
1,2002,2,1,16753,16753,0
0,2001,2,1,16754,16754,0
0,2001,2,0,16754,16754,0
0,1999,2,2,16754,16754,0
1,2002,2,0,16754,16754,0
6,1996,2,2,16758,16758,0
0,2001,2,1,16780,16780,0
0,2001,2,0,16780,16780,0
0,1999,2,2,16781,16781,0
1,2002,2,1,16781,16781,0
1,2002,2,0,16782,16782,0
6,1996,2,2,16785,16785,0
0,2001,2,1,16808,16808,0
0,2001,2,0,16808,16808,0
1,2002,2,1,16808,16809,0
0,1999,2,2,16809,16809,0
1,2002,2,0,16810,16810,0
6,1996,2,2,16813,16813,0
0,2001,2,1,16836,16836,0
0,2001,2,0,16836,16836,0
0,1999,2,2,16836,16836,0
1,2002,2,1,16836,16836,0
1,2002,2,0,16838,16838,0
6,1996,2,2,16842,16842,0
0,2001,2,1,16864,16864,0
0,2001,2,0,16864,16864,0
0,1999,2,2,16864,16864,0
1,2002,2,1,16865,16865,0
1,2002,2,0,16866,16866,0
6,1996,2,2,16869,16869,0
1,2002,2,1,16892,16892,0
0,2001,2,1,16893,16893,0
0,2001,2,0,16893,16893,0
0,1999,2,2,16893,16893,0
1,2002,2,0,16894,16894,0
6,1996,2,2,16897,16897,0
1,2002,2,1,16920,16920,0
0,2001,2,1,16921,16921,0
0,2001,2,0,16921,16921,0
0,1999,2,2,16921,16921,0
1,2002,2,0,16922,16922,0
6,1996,2,2,16925,16925,0
0,2001,2,1,16947,16947,0
0,2001,2,0,16948,16948,0
1,2002,2,1,16948,16948,0
0,1999,2,2,16948,16948,0
1,2002,2,0,16949,16949,0
6,1996,2,2,16952,16952,0
1,2002,2,1,16975,16976,0
0,2001,2,1,16976,16976,0
0,2001,2,0,16976,16976,0
0,1999,2,2,16976,16976,0
1,2002,2,0,16977,16977,0
6,1996,2,2,16980,16980,0
0,2001,2,1,17002,17002,0
0,2001,2,0,17003,17003,0
1,2002,2,1,17003,17003,0
0,1999,2,2,17003,17003,0
1,2002,2,0,17004,17004,0
6,1996,2,2,17007,17007,0
0,2001,2,1,17030,17030,0
0,2001,2,0,17030,17030,0
1,2002,2,1,17030,17030,0
0,1999,2,2,17030,17030,0
1,2002,2,0,17032,17032,0
6,1996,2,2,17035,17035,0
0,2001,2,1,17058,17058,0
1,2002,2,1,17058,17058,0
0,2001,2,0,17058,17058,0
0,1999,2,2,17059,17059,0
1,2002,2,0,17060,17060,0
6,1996,2,2,17064,17064,0
1,2002,2,1,17087,17087,0
0,2001,2,1,17087,17087,0
0,2001,2,0,17087,17087,0
0,1999,2,2,17088,17088,0
1,2002,2,0,17088,17088,0
6,1996,2,2,17091,17091,0
0,2001,2,1,17114,17114,0
0,2001,2,0,17114,17114,0
0,1999,2,2,17114,17114,0
1,2002,2,1,17115,17115,0
1,2002,2,0,17115,17115,0
6,1996,2,2,17119,17119,0
0,2001,2,1,17142,17142,0
0,2001,2,0,17142,17142,0
0,1999,2,2,17142,17142,0
1,2002,2,1,17143,17143,0
1,2002,2,0,17144,17144,0
6,1996,2,2,17148,17148,0
0,2001,2,1,17171,17171,0
0,2001,2,0,17171,17171,0
0,1999,2,2,17171,17171,0
1,2002,2,1,17171,17171,0
1,2002,2,0,17172,17172,0
6,1996,2,2,17177,17177,0
1,2002,2,1,17200,17200,0
0,2001,2,1,17200,17200,0
0,2001,2,0,17201,17201,0
0,1999,2,2,17201,17201,0
1,2002,2,0,17201,17201,0
6,1996,2,2,17205,17205,0
0,2001,2,1,17228,17228,0
0,2001,2,0,17228,17228,0
0,1999,2,2,17228,17228,0
1,2002,2,1,17228,17228,0
1,2002,2,0,17229,17229,0
6,1996,2,2,17233,17233,0
0,2001,2,1,17256,17256,0
0,2001,2,0,17256,17256,0
0,1999,2,2,17256,17256,0
1,2002,2,1,17257,17257,0
1,2002,2,0,17258,17258,0
6,1996,2,2,17261,17261,0
0,2001,2,1,17283,17283,0
0,2001,2,0,17283,17283,0
0,1999,2,2,17283,17283,0
1,2002,2,1,17284,17284,0
1,2002,2,0,17285,17285,0
6,1996,2,2,17289,17289,0
0,2001,2,1,17312,17312,0
1,2002,2,1,17312,17312,0
0,2001,2,0,17312,17312,0
0,1999,2,2,17312,17312,0
1,2002,2,0,17313,17313,0
6,1996,2,2,17317,17317,0
0,2001,2,1,17339,17339,0
0,2001,2,0,17340,17340,0
0,1999,2,2,17340,17340,0
1,2002,2,1,17340,17340,0
1,2002,2,0,17341,17341,0
6,1996,2,2,17345,17345,0
1,2002,2,1,17368,17368,0
0,2001,2,1,17369,17369,0
0,2001,2,0,17369,17369,0
0,1999,2,2,17369,17369,0
1,2002,2,0,17369,17369,0
6,1996,2,2,17373,17373,0
0,2001,2,1,17396,17396,0
1,2002,2,1,17396,17396,0
0,2001,2,0,17396,17396,0
0,1999,2,2,17397,17397,0
1,2002,2,0,17397,17397,0
6,1996,2,2,17400,17400,0
1,2002,2,1,17423,17423,0
0,2001,2,1,17424,17424,0
0,2001,2,0,17424,17424,0
0,1999,2,2,17424,17424,0
1,2002,2,0,17425,17425,0
