thread,begin,end,lifeSpan
8,145,145,0
8,207,208,0
8,219,235,16
8,279,279,0
8,280,282,2
8,325,325,0
8,326,327,0
8,371,371,0
8,373,373,0
8,417,417,0
8,419,420,1
8,464,464,0
8,465,466,1
8,516,516,0
8,519,519,0
8,574,574,0
8,576,576,0
8,621,621,0
8,624,624,0
8,666,666,0
8,668,668,0
8,710,710,0
8,713,713,0
8,756,756,0
8,757,758,0
8,799,799,0
8,802,802,0
8,844,844,0
8,846,847,0
8,888,888,0
8,890,891,0
8,933,933,0
8,936,936,0
8,977,977,0
8,980,980,0
8,1021,1021,0
8,1024,1024,0
8,1067,1067,0
8,1070,1070,0
8,1111,1112,0
8,1115,1115,0
8,1153,1153,0
8,1157,1157,0
8,1193,1193,0
8,1197,1197,0
8,1234,1234,0
8,1238,1238,0
8,1275,1275,0
8,1278,1278,0
8,1315,1316,0
8,1319,1319,0
8,1356,1356,0
8,1360,1360,0
8,1396,1396,0
8,1399,1399,0
8,1437,1437,0
8,1441,1441,0
8,1478,1478,0
8,1482,1482,0
8,1520,1520,0
8,1523,1523,0
8,1559,1559,0
8,1562,1562,0
8,1598,1598,0
8,1601,1601,0
8,1638,1638,0
8,1640,1641,0
8,1677,1677,0
8,1680,1680,0
8,1717,1717,0
8,1720,1720,0
8,1758,1758,0
8,1761,1761,0
8,1798,1798,0
8,1801,1801,0
8,1837,1837,0
8,1841,1841,0
8,1877,1878,0
8,1881,1882,0
8,1918,1918,0
8,1921,1921,0
8,1958,1958,0
8,1961,1961,0
8,1997,1997,0
8,2000,2000,0
8,2038,2038,0
8,2041,2042,0
8,2078,2078,0
8,2081,2081,0
8,2116,2116,0
8,2120,2120,0
8,2155,2155,0
8,2158,2158,0
8,2195,2195,0
8,2198,2198,0
8,2235,2235,0
8,2238,2238,0
8,2273,2279,6
8,2282,2283,0
8,2318,2319,0
8,2322,2323,0
8,2359,2359,0
8,2362,2362,0
8,2397,2397,0
8,2400,2401,0
8,2436,2437,0
8,2441,2441,0
8,2476,2476,0
8,2481,2482,0
8,2519,2520,0
8,2524,2524,0
8,2560,2561,0
8,2565,2565,0
8,2600,2600,0
8,2604,2604,0
8,2639,2639,0
8,2643,2643,0
8,2678,2679,0
8,2683,2683,0
8,2718,2719,0
8,2723,2723,0
8,2758,2759,0
8,2762,2763,0
8,2799,2800,0
8,2804,2804,0
8,2840,2840,0
8,2845,2846,0
8,2882,2882,0
8,2887,2887,0
8,2922,2922,0
8,2926,2926,0
8,2962,2963,0
8,2966,2966,0
8,3001,3001,0
8,3004,3005,0
8,3039,3040,0
8,3043,3043,0
8,3078,3078,0
8,3081,3081,0
8,3116,3116,0
8,3120,3120,0
8,3156,3156,0
8,3160,3160,0
8,3197,3197,0
8,3201,3201,0
8,3236,3237,0
8,3239,3239,0
1,3259,3259,0
1,3259,3260,0
1,3260,3260,0
8,3275,3283,8
8,3295,3302,6
8,3303,3310,6
8,3352,3352,0
8,3353,3354,0
8,3392,3392,0
8,3394,3394,0
8,3420,3420,0
8,3429,3430,0
8,3454,3455,0
8,3457,3457,0
8,3482,3483,0
8,3486,3486,0
8,3532,3532,0
8,3534,3535,0
8,3560,3561,0
8,3563,3563,0
8,3596,3596,0
8,3599,3599,0
8,3631,3636,4
8,3638,3639,0
8,3666,3666,0
8,3669,3669,0
8,3695,3696,0
8,3697,3698,0
8,3722,3723,0
8,3725,3725,0
8,3761,3761,0
8,3769,3775,5
8,3824,3824,0
8,3826,3826,0
8,3872,3883,11
8,3891,3891,0
8,3928,3929,0
8,3956,3957,0
8,4005,4006,0
8,4011,4011,0
8,4037,4038,0
8,4041,4042,0
8,4068,4069,0
8,4072,4073,0
8,4104,4106,2
8,4108,4124,15
8,4150,4151,0
8,4153,4154,0
8,4180,4181,0
8,4183,4184,0
8,4210,4210,0
8,4213,4213,0
8,4239,4240,0
8,4241,4255,14
8,4291,4292,0
8,4297,4297,0
8,4372,4372,0
8,4391,4418,26
8,4449,4458,9
8,4473,4473,0
8,4520,4520,0
8,4560,4560,0
8,4590,4591,0
8,4593,4594,1
8,4634,4634,0
8,4636,4637,0
8,4671,4672,0
8,4689,4689,0
8,4743,4744,0
8,4746,4747,0
8,4777,4777,0
8,4789,4803,14
8,4821,4822,0
8,4827,4827,0
8,4855,4855,0
8,4860,4865,5
8,4900,4900,0
8,4905,4907,1
8,4933,4934,0
8,4939,4940,0
8,4969,4969,0
8,4981,4982,1
8,5044,5047,3
8,5049,5050,0
8,5091,5091,0
8,5104,5113,9
8,5152,5153,0
8,5170,5170,0
8,5213,5243,30
8,5246,5246,0
8,5303,5329,26
8,5340,5340,0
8,5375,5375,0
8,5382,5383,1
8,5437,5437,0
8,5448,5453,5
8,5503,5506,2
8,5515,5524,8
8,5571,5580,9
8,5591,5591,0
8,5637,5637,0
8,5642,5642,0
8,5691,5692,0
8,5695,5695,0
8,5727,5727,0
8,5737,5737,0
8,5764,5765,0
8,5769,5769,0
8,5801,5802,0
8,5805,5805,0
8,5853,5854,0
8,5863,5871,7
8,5939,5940,0
8,5943,5943,0
8,6020,6020,0
8,6023,6026,3
8,6079,6080,0
8,6083,6083,0
8,6128,6129,1
8,6137,6138,0
8,6164,6164,0
8,6167,6172,4
8,6204,6204,0
8,6206,6208,1
8,6235,6235,0
8,6237,6238,1
8,6265,6266,0
8,6268,6269,0
8,6296,6296,0
8,6298,6299,0
8,6326,6327,0
8,6329,6330,0
8,6358,6358,0
8,6361,6361,0
8,6388,6388,0
8,6391,6392,0
8,6419,6419,0
8,6421,6422,0
8,6449,6449,0
8,6452,6453,1
8,6480,6480,0
8,6483,6484,0
8,6511,6511,0
8,6514,6514,0
8,6551,6552,0
8,6556,6557,0
8,6602,6603,0
8,6607,6607,0
8,6643,6644,0
8,6660,6661,1
8,6697,6697,0
8,6701,6702,1
8,6743,6744,0
8,6747,6749,1
8,6807,6808,0
8,6811,6812,1
8,6858,6859,0
8,6862,6871,8
8,6923,6924,0
8,6927,6927,0
8,6956,6956,0
8,6959,6959,0
8,6995,6995,0
8,7005,7007,1
8,7064,7064,0
8,7066,7066,0
8,7115,7116,0
8,7117,7118,0
8,7163,7163,0
8,7165,7167,1
8,7208,7209,1
8,7213,7227,14
8,7251,7251,0
8,7253,7254,0
8,7304,7305,0
8,7307,7309,1
8,7354,7354,0
8,7357,7364,7
8,7407,7408,0
8,7415,7416,0
8,7480,7480,0
8,7495,7496,0
8,7542,7543,0
8,7544,7545,0
8,7585,7585,0
8,7588,7588,0
8,7640,7641,0
8,7652,7653,0
8,7678,7678,0
8,7681,7681,0
8,7707,7707,0
8,7709,7710,0
8,7735,7736,0
8,7738,7738,0
8,7764,7764,0
8,7766,7766,0
8,7792,7792,0
8,7795,7795,0
8,7821,7821,0
8,7823,7824,0
8,7849,7849,0
8,7852,7852,0
8,7878,7878,0
8,7881,7881,0
8,7924,7924,0
8,7926,7926,0
8,7983,7984,0
8,7986,7986,0
8,8021,8021,0
8,8023,8024,0
8,8052,8053,0
8,8055,8055,0
8,8081,8081,0
8,8084,8084,0
8,8109,8110,0
8,8112,8113,0
8,8159,8160,0
8,8164,8164,0
8,8189,8190,0
8,8193,8193,0
8,8218,8219,0
8,8222,8223,0
8,8248,8249,0
8,8252,8252,0
8,8276,8277,0
8,8280,8280,0
8,8305,8306,0
8,8308,8308,0
8,8336,8336,0
8,8339,8340,0
8,8366,8366,0
8,8369,8370,0
8,8394,8395,0
8,8398,8398,0
8,8424,8424,0
8,8427,8429,1
8,8455,8456,0
8,8460,8460,0
8,8485,8486,0
8,8489,8490,1
8,8532,8551,19
8,8556,8567,11
8,8659,8663,3
8,8680,8680,0
8,8736,8737,0
8,8756,8758,2
8,8812,8812,0
8,8818,8820,1
8,8903,8924,20
8,8935,8936,0
8,8975,8976,0
8,8979,8979,0
8,9024,9024,0
8,9046,9047,1
8,9084,9084,0
8,9087,9088,0
8,9123,9123,0
8,9126,9127,1
8,9171,9180,9
8,9199,9208,9
8,9256,9256,0
8,9259,9260,1
8,9299,9299,0
8,9302,9302,0
8,9345,9345,0
8,9365,9366,0
8,9399,9403,4
8,9429,9439,10
8,9476,9476,0
8,9478,9479,0
8,9509,9509,0
8,9511,9512,0
8,9543,9543,0
8,9545,9545,0
8,9590,9591,0
8,9595,9596,1
8,9650,9651,0
8,9656,9657,0
8,9712,9712,0
8,9714,9715,0
8,9769,9770,0
8,9779,9780,0
8,9810,9810,0
8,9812,9812,0
8,9847,9847,0
8,9849,9849,0
8,9875,9875,0
8,9878,9878,0
8,9905,9915,9
8,9916,9917,0
8,9942,9943,0
8,9944,9945,0
8,9970,9971,0
8,9973,9973,0
8,9998,9999,0
8,10002,10002,0
8,10031,10032,0
8,10034,10034,0
8,10060,10060,0
8,10064,10072,7
8,10110,10119,9
8,10127,10131,3
8,10154,10154,0
8,10156,10156,0
8,10184,10184,0
8,10186,10187,0
8,10213,10213,0
8,10215,10216,1
8,10248,10249,0
8,10250,10251,0
8,10296,10296,0
8,10298,10298,0
8,10344,10344,0
8,10345,10346,0
8,10382,10382,0
8,10383,10384,0
8,10416,10417,0
8,10427,10428,0
8,10467,10467,0
8,10470,10470,0
8,10512,10520,8
8,10522,10523,0
8,10575,10576,0
8,10579,10579,0
8,10637,10637,0
8,10640,10641,1
8,10675,10675,0
8,10677,10678,0
8,10709,10709,0
8,10711,10712,0
8,10760,10761,0
8,10764,10765,1
8,10815,10815,0
8,10820,10824,4
8,10872,10872,0
8,10897,10897,0
8,10935,10936,0
8,10938,10938,0
8,10965,10965,0
8,10967,10968,1
8,10995,10995,0
8,10998,10998,0
8,11025,11026,0
8,11028,11029,0
8,11056,11057,0
8,11059,11060,0
8,11086,11087,0
8,11090,11091,0
8,11117,11118,0
8,11120,11121,0
8,11148,11148,0
8,11151,11151,0
8,11178,11178,0
8,11181,11182,0
8,11208,11209,0
8,11211,11212,0
8,11240,11240,0
8,11253,11259,5
8,11287,11288,0
8,11290,11290,0
8,11321,11322,0
8,11323,11323,0
8,11368,11368,0
8,11371,11372,0
8,11406,11406,0
8,11408,11409,0
8,11448,11471,22
8,11483,11483,0
8,11518,11519,0
8,11524,11528,4
8,11565,11565,0
8,11572,11572,0
8,11624,11624,0
8,11637,11638,0
8,11671,11671,0
8,11675,11680,4
8,11741,11755,14
8,11759,11760,0
8,11790,11790,0
8,11792,11795,2
8,11832,11832,0
8,11834,11840,5
8,11866,11867,0
8,11869,11871,1
8,11915,11916,0
8,11919,11927,7
8,11967,11968,0
8,11970,11978,7
8,12015,12015,0
8,12017,12039,22
8,12083,12083,0
8,12085,12094,8
8,12145,12146,1
8,12149,12151,1
8,12182,12182,0
8,12191,12191,0
8,12231,12231,0
8,12234,12235,0
8,12278,12286,7
8,12291,12291,0
8,12342,12343,0
8,12361,12363,1
8,12402,12402,0
8,12404,12405,0
8,12467,12468,0
8,12469,12470,0
8,12539,12540,0
8,12543,12544,1
8,12587,12587,0
8,12591,12591,0
8,12643,12644,0
8,12657,12658,1
8,12691,12692,0
8,12694,12695,1
8,12776,12779,3
8,12800,12800,0
8,12851,12851,0
8,12854,12855,1
8,12884,12884,0
8,12887,12890,3
8,12933,12934,0
8,12935,12936,0
8,12975,12976,0
8,12992,13007,15
8,13062,13063,0
8,13069,13075,6
8,13115,13116,0
8,13127,13128,0
8,13164,13179,15
8,13182,13183,1
8,13212,13213,0
8,13215,13216,0
8,13256,13256,0
8,13259,13261,1
8,13306,13306,0
8,13310,13316,5
8,13351,13352,0
8,13355,13356,0
8,13403,13403,0
8,13405,13405,0
8,13447,13448,0
8,13450,13450,0
8,13509,13509,0
8,13524,13525,1
8,13575,13584,8
8,13586,13592,6
8,13627,13627,0
8,13629,13631,1
8,13696,13697,0
8,13705,13705,0
8,13760,13763,3
8,13765,13767,1
8,13811,13812,0
8,13817,13818,0
8,13872,13872,0
8,13874,13876,1
8,13902,13902,0
8,13904,13905,0
8,13931,13939,8
8,13942,13949,7
8,13983,13984,0
8,13989,13990,0
8,14027,14027,0
8,14029,14030,1
8,14080,14080,0
8,14083,14084,0
8,14130,14130,0
8,14131,14132,0
8,14166,14166,0
8,14167,14168,0
8,14220,14221,0
8,14231,14235,3
8,14286,14286,0
8,14288,14289,0
8,14328,14343,15
8,14345,14346,0
8,14406,14407,0
8,14409,14410,0
8,14467,14478,11
8,14481,14483,2
8,14546,14547,0
8,14554,14555,1
8,14584,14584,0
8,14586,14587,0
8,14613,14613,0
8,14624,14625,0
8,14662,14662,0
8,14677,14680,2
8,14743,14744,0
8,14747,14756,8
8,14811,14815,3
8,14817,14818,0
8,14883,14899,15
8,14908,14908,0
8,14940,14946,6
8,14955,14955,0
8,15002,15003,0
8,15005,15005,0
8,15036,15036,0
8,15039,15052,13
8,15091,15092,0
8,15094,15110,15
8,15147,15163,15
8,15166,15167,0
8,15220,15220,0
8,15222,15223,0
8,15250,15250,0
8,15253,15253,0
8,15278,15279,0
8,15295,15296,0
8,15321,15322,0
8,15325,15326,1
8,15359,15360,0
8,15363,15364,0
8,15391,15391,0
8,15393,15394,1
8,15421,15422,0
8,15423,15424,1
8,15452,15452,0
8,15453,15455,1
8,15482,15482,0
8,15484,15485,0
8,15513,15513,0
8,15515,15516,1
8,15543,15543,0
8,15545,15546,1
8,15574,15574,0
8,15576,15577,0
8,15604,15605,0
8,15606,15608,1
8,15635,15636,0
8,15638,15640,1
8,15667,15667,0
8,15669,15671,1
8,15698,15698,0
8,15701,15702,1
8,15729,15730,0
8,15732,15733,1
8,15760,15761,0
8,15763,15764,1
8,15789,15789,0
8,15791,15792,1
8,15818,15818,0
8,15829,15838,8
8,15862,15863,0
8,15865,15865,0
8,15890,15891,1
8,15894,15894,0
8,15919,15920,1
8,15923,15923,0
8,15947,15948,0
8,15950,15950,0
8,15975,15975,0
8,15977,15979,1
8,16003,16004,0
8,16005,16006,0
8,16031,16032,0
8,16034,16035,0
8,16060,16060,0
8,16063,16064,0
8,16088,16089,0
8,16092,16092,0
8,16116,16117,0
8,16119,16120,0
8,16145,16145,0
8,16147,16148,0
8,16172,16173,0
8,16175,16176,0
8,16200,16201,0
8,16203,16203,0
8,16228,16229,0
8,16231,16232,0
8,16256,16257,0
8,16259,16260,0
8,16284,16285,0
8,16287,16288,0
8,16313,16313,0
8,16315,16316,0
8,16341,16341,0
8,16343,16343,0
8,16368,16368,0
8,16370,16371,0
8,16396,16396,0
8,16398,16398,0
8,16424,16424,0
8,16426,16427,0
8,16452,16452,0
8,16454,16455,1
8,16480,16480,0
8,16482,16483,0
8,16507,16507,0
8,16510,16510,0
8,16535,16535,0
8,16537,16538,0
8,16563,16563,0
8,16565,16566,0
8,16590,16591,0
8,16593,16593,0
8,16618,16618,0
8,16620,16621,0
8,16645,16646,0
8,16647,16648,0
8,16673,16673,0
8,16675,16676,0
8,16700,16700,0
8,16702,16703,0
8,16727,16728,0
8,16730,16730,0
8,16755,16755,0
8,16757,16757,0
8,16783,16783,0
8,16785,16785,0
8,16810,16810,0
8,16813,16813,0
8,16838,16838,0
8,16841,16841,0
8,16866,16867,0
8,16869,16869,0
8,16894,16894,0
8,16897,16897,0
8,16922,16922,0
8,16925,16925,0
8,16949,16950,0
8,16951,16952,0
8,16977,16978,0
8,16980,16980,0
8,17005,17005,0
8,17007,17007,0
8,17032,17032,0
8,17034,17035,0
8,17061,17061,0
8,17063,17064,0
8,17088,17088,0
8,17091,17091,0
8,17116,17116,0
8,17119,17119,0
8,17144,17145,0
8,17148,17148,0
8,17173,17173,0
8,17177,17177,0
8,17202,17202,0
8,17204,17205,0
8,17230,17230,0
8,17233,17233,0
8,17258,17258,0
8,17261,17261,0
8,17286,17286,0
8,17288,17289,0
8,17314,17314,0
8,17316,17317,0
8,17342,17342,0
8,17345,17345,0
8,17370,17370,0
8,17373,17373,0
8,17397,17398,0
8,17400,17400,0
8,17425,17425,0
